17:33:10;commande : QFLAG; resultat = b'(NAKss\r';
17:56:00;commande : QFLAG; resultat = b'(NAKss\r';
17:56:56;commande : QFLAG; resultat = b'(EakvxyDbjuz\x12e\r';
18:02:18;commande : QPIRI; resultat = b'(230.0 21.7 230.0 50.0 21.7 5000 5000 48.0 46.0 40.8 56.4 54.0 0 30 080 1 2 2 9 01 0 0 00.0 0 1 000qf\r';
18:25:28;commande : QPIRI; resultat = b'(230.0 21.7 230.0 50.0 21.7 5000 5000 48.0 46.0 40.8 56.4 54.0 0 30 080 1 2 2 9 01 0 0 00.0 0 1 000qf\r';
18:27:59;commande : QPIRI; resultat = b'(230.0 21.7 230.0 50.0 21.7 5000 5000 48.0 46.0 40.8 56.4 54.0 0 30 080 1 2 2 9 01 0 0 00.0 0 1 000qf\r';
18:29:03;commande : QPIRI; resultat = b'(230.0 21.7 230.0 50.0 21.7 5000 5000 48.0 46.0 40.8 56.4 54.0 0 30 080 1 2 2 9 01 0 0 00.0 0 1 000qf\r';
18:45:35;commande : QPIGS; resultat = b'(211.7 50.2 229.8 50.3 1011 0891 020 333 48.10 000 071 0041 0000 000.0 00.00 00019 00010000 00 00 00000 010\xcdy\r';
18:47:59;commande : QPIGS; resultat = b'(210.5 50.2 230.0 50.2 0966 0849 019 333 48.10 000 059 0041 0000 000.0 00.00 00019 00010000 00 00 00000 010\xad\xb3\r';
18:48:51;commande : QPIGS; resultat = b'(211.0 50.2 229.8 50.3 1104 0944 022 333 48.10 000 071 0041 0000 000.0 00.00 00021 00010000 00 00 00000 010y?\r';
19:18:09;EakvxyDbjuz\x1213.2 50.3 229.9 50.2 0965 0843 019 334 48.10 000 059 0041 0001 096.9 48.06 00017 00110110 00 00 00067 010\xfB\xe7\x00000000000000000000000000000000\xeb\x
19:18:38;EakvxyDbjuz\x1216.4 50.2 230.0 50.2 0897 0787 017 334 48.10 000 059 0041 0001 091.4 48.06 00016 00110110 00 00 00062 010\x05\xB\xe7\x00000000000000000000000000000000\xeb\x
19:19:07;EakvxyDbjuz\x1213.8 50.4 229.9 50.2 0873 0758 017 334 48.10 000 059 0041 0001 093.2 48.06 00015 00110110 00 00 00062 010\x9B\xe7\x00000000000000000000000000000000\xeb\x
19:19:35;EakvxyDbjuz\x1214.3 50.2 230.3 50.3 0898 0792 017 334 48.10 000 059 0041 0001 094.1 48.06 00016 00110110 00 00 00057 010\x9B\xe7\x00000000000000000000000000000000\xeb\x
19:20:04;EakvxyDbjuz\x1215.4 50.3 229.7 50.3 0918 0810 018 333 48.10 000 059 0041 0001 082.4 48.06 00016 00110110 00 00 00052 010\x8f\xB\xe7\x00000000000000000000000000000000\xeb\x
19:20:33;EakvxyDbjuz\x1215.2 50.4 230.1 50.4 0897 0768 017 333 48.10 000 059 0041 0001 075.7 48.06 00016 00110110 00 00 00048 010\xe2\xB\xe7\x00000000000000000000000000000000\xeb\x
19:21:01;EakvxyDbjuz\x1215.6 50.4 230.0 50.2 0828 0720 016 334 48.20 000 060 0041 0001 088.7 48.14 00015 00110110 00 00 00052 010B\xe7\x00000000000000000000000000000000\xeb\x
19:21:30;EakvxyDbjuz\x1217.3 50.3 229.9 50.3 0827 0728 016 333 48.10 000 059 0041 0001 091.4 48.14 00015 00110110 00 00 00052 010\x1B\xe7\x00000000000000000000000000000000\xeb\x
19:21:59;EakvxyDbjuz\x1220.1 50.2 230.2 50.3 0828 0726 016 334 48.10 000 059 0041 0001 093.9 48.14 00015 00110110 00 00 00057 0105\xB\xe7\x00000000000000000000000000000000\xeb\x
19:22:27;EakvxyDbjuz\x1221.5 50.3 230.0 50.3 0782 0667 015 334 48.20 000 060 0041 0001 092.2 48.14 00014 00110110 00 00 00052 010\x0B\xe7\x00000000000000000000000000000000\xeb\x
19:36:45;EakvxyDbjuz\x1;222.9 50.2 230.0 50.2 0759 0664 015 334 48.10 000 059 0041 0000 095.6 48.06 00014 00110110 00 00 00028 010\x9b\x;B\xe7\x;00000000000000000000000000000000\xeb\x
19:37:07;EakvxyDbjuz\x1;222.3 50.1 229.9 50.2 0781 0666 015 334 48.10 000 059 0041 0000 086.7 48.06 00014 00110110 00 00 00028 010%\x;B\xe7\x;00000000000000000000000000000000\xeb\x
19:37:30;EakvxyDbjuz\x1;221.4 50.2 230.1 50.1 0736 0634 014 334 48.20 000 060 0041 0000 097.6 48.06 00013 00110110 00 00 00028 010;B\xe7\x;00000000000000000000000000000000\xeb\x
19:37:52;EakvxyDbjuz\x1;222.3 50.1 229.9 50.2 0782 0679 015 334 48.10 000 059 0041 0000 096.7 48.06 00014 00110110 00 00 00024 010\xc;B\xe7\x;00000000000000000000000000000000\xeb\x
19:38:15;EakvxyDbjuz\x1;222.6 50.2 230.1 50.2 0735 0645 014 334 48.10 000 059 0041 0000 074.4 48.06 00013 00110110 00 00 00024 010\xc;B\xe7\x;00000000000000000000000000000000\xeb\x
19:38:37;EakvxyDbjuz\x1;222.4 50.2 230.0 50.2 0758 0665 015 334 48.10 000 059 0041 0000 078.7 48.06 00014 00110110 00 00 00019 010;B\xe7\x;00000000000000000000000000000000\xeb\x
19:39:00;EakvxyDbjuz\x1;221.9 50.2 229.8 50.3 0759 0664 015 334 48.10 000 059 0041 0000 078.1 48.06 00014 00110110 00 00 00024 010\x9f\x;B\xe7\x;00000000000000000000000000000000\xeb\x
19:39:23;EakvxyDbjuz\x1;219.1 50.3 229.8 50.3 0781 0671 015 334 48.10 000 059 0041 0000 077.4 48.06 00014 00110110 00 00 00024 010M\x;B\xe7\x;00000000000000000000000000000000\xeb\x
19:39:45;EakvxyDbjuz\x1;224.0 50.2 230.2 50.3 0736 0642 014 334 48.10 000 059 0041 0000 075.6 48.06 00013 00110110 00 00 00024 010\xad\x;B\xe7\x;00000000000000000000000000000000\xeb\x
19:40:08;EakvxyDbjuz\x1;222.4 50.3 230.0 50.3 0758 0665 015 334 48.10 000 059 0041 0000 078.7 48.06 00014 00110110 00 00 00019 010q\x;B\xe7\x;00000000000000000000000000000000\xeb\x
