00:00:05;240.2 50.1 230.1 50.1 0921 0598 018 356 51.10 008 089 0040 0020 086.1 51.18 00000 00110110 00 00 01054 010\xe9\x;B\xe7\x;00000000000000000000000000000000\xeb\x
00:00:20;240.1 50.1 230.2 50.1 0920 0605 018 356 51.10 007 089 0040 0020 091.9 51.18 00000 00110110 00 00 01054 010;B\xe7\x;00000000000000000000000000000000\xeb\x
00:00:35;240.3 50.1 230.2 50.1 0942 0645 018 356 51.10 007 089 0040 0020 087.6 51.18 00000 00110110 00 00 01059 010\x95\x;B\xe7\x;00000000000000000000000000000000\xeb\x
00:00:50;241.3 50.2 230.0 50.1 0919 0615 018 356 51.10 008 089 0040 0020 089.9 51.18 00000 00110110 00 00 01069 010\xd;B\xe7\x;00000000000000000000000000000000\xeb\x
00:01:05;240.4 50.1 229.9 50.1 0919 0613 018 356 51.10 008 089 0040 0021 089.4 51.18 00000 00110110 00 00 01074 010\xff\x;B\xe7\x;00000000000000000000000000000000\xeb\x
00:01:20;239.6 50.1 230.1 50.0 0920 0608 018 356 51.20 008 090 0040 0021 089.2 51.18 00000 00110110 00 00 01074 010t\x;B\xe7\x;00000000000000000000000000000000\xeb\x
00:01:35;240.2 50.0 230.0 50.0 0897 0593 017 356 51.20 008 090 0040 0021 088.9 51.18 00000 00110110 00 00 01074 010H\x;B\xe7\x;00000000000000000000000000000000\xeb\x
00:01:50;241.0 50.0 229.8 50.0 0965 0635 019 356 51.20 007 090 0040 0021 088.7 51.26 00000 00110110 00 00 01076 010%\x;B\xe7\x;00000000000000000000000000000000\xeb\x
00:02:05;240.5 50.0 229.7 50.1 0918 0609 018 356 51.20 008 090 0040 0021 088.7 51.26 00000 00110110 00 00 01081 010;B\xe7\x;00000000000000000000000000000000\xeb\x
00:02:20;240.4 50.0 230.0 50.0 0943 0622 018 356 51.20 008 090 0040 0021 087.6 51.26 00000 00110110 00 00 01081 010\x1;B\xe7\x;00000000000000000000000000000000\xeb\x
00:02:35;238.8 50.0 230.2 50.0 0943 0622 018 356 51.20 008 090 0040 0021 087.7 51.26 00000 00110110 00 00 01081 010\xd;B\xe7\x;00000000000000000000000000000000\xeb\x
00:02:50;239.8 50.0 230.0 50.0 0943 0628 018 356 51.20 007 090 0040 0020 083.7 51.26 00000 00110110 00 00 01071 010\x0c\x;B\xe7\x;00000000000000000000000000000000\xeb\x
00:03:05;239.4 50.0 230.1 50.0 0943 0641 018 356 51.20 007 090 0040 0021 091.9 51.26 00000 00110110 00 00 01081 010\x9d\x;B\xe7\x;00000000000000000000000000000000\xeb\x
00:03:20;239.6 50.0 230.0 50.0 0942 0634 018 356 51.20 007 090 0040 0021 085.2 51.26 00000 00110110 00 00 01081 010\xa;B\xe7\x;00000000000000000000000000000000\xeb\x
00:03:35;240.1 50.1 229.5 50.1 0943 0621 018 356 51.20 008 090 0040 0021 084.1 51.26 00000 00110110 00 00 01076 010\x13\x;B\xe7\x;00000000000000000000000000000000\xeb\x
00:03:50;240.8 50.1 230.2 50.1 0966 0640 019 356 51.20 007 090 0040 0021 086.4 51.26 00000 00110110 00 00 01091 010#\x;B\xe7\x;00000000000000000000000000000000\xeb\x
00:04:05;239.7 50.0 230.2 50.1 0943 0618 018 357 51.20 008 090 0040 0021 087.7 51.26 00000 00110110 00 00 01096 010Q\x;B\xe7\x;00000000000000000000000000000000\xeb\x
00:04:20;240.0 50.1 229.9 50.1 0943 0630 018 356 51.20 008 090 0040 0021 087.7 51.26 00000 00110110 00 00 01102 010\x8;B\xe7\x;00000000000000000000000000000000\xeb\x
00:04:35;240.3 50.1 229.8 50.1 0989 0660 019 356 51.20 007 090 0040 0021 087.4 51.26 00000 00110110 00 00 01107 010\xbe\x;B\xe7\x;00000000000000000000000000000000\xeb\x
00:04:50;240.8 50.1 230.0 50.1 0943 0628 018 356 51.20 008 090 0040 0021 088.2 51.26 00000 00110110 00 00 01112 010K\x;B\xe7\x;00000000000000000000000000000000\xeb\x
00:05:05;240.3 50.1 229.8 50.1 0942 0627 018 357 51.20 008 090 0040 0021 087.4 51.34 00000 00110110 00 00 01108 010\xb5\x;B\xe7\x;00000000000000000000000000000000\xeb\x
00:05:20;240.4 50.1 230.4 50.1 1013 0672 020 356 51.20 007 100 0040 0021 088.6 51.26 00000 00110110 00 00 01107 010\x1;B\xe7\x;00000000000000000000000000000000\xeb\x
00:05:35;240.9 50.1 229.9 50.1 1056 0722 021 356 51.20 006 100 0040 0021 088.1 51.26 00000 00110110 00 00 01112 010\x95\x;B\xe7\x;00000000000000000000000000000000\xeb\x
00:05:50;239.6 50.1 229.9 50.1 1081 0733 021 356 51.20 006 100 0040 0021 089.1 51.26 00000 00110110 00 00 01112 010\xba\x;B\xe7\x;00000000000000000000000000000000\xeb\x
00:06:05;239.9 50.1 230.0 50.1 0989 0683 019 356 51.20 007 100 0040 0021 083.2 51.26 00000 00110110 00 00 01096 010\xd3\x;B\xe7\x;00000000000000000000000000000000\xeb\x
00:06:20;239.4 50.0 230.0 50.0 1058 0724 021 355 51.10 006 100 0040 0021 090.6 51.26 00000 00110110 00 00 01102 010\x19\x;B\xe7\x;00000000000000000000000000000000\xeb\x
00:06:35;239.7 50.1 229.5 50.1 1032 0713 020 357 51.20 006 100 0040 0021 090.6 51.26 00000 00110110 00 00 01102 010\xea\x;B\xe7\x;00000000000000000000000000000000\xeb\x
00:06:50;240.6 50.1 230.1 50.2 1012 0691 020 356 51.20 006 100 0040 0021 082.9 51.18 00000 00110110 00 00 01085 010;B\xe7\x;00000000000000000000000000000000\xeb\x
00:07:05;240.4 50.1 229.8 50.2 1034 0712 020 356 51.20 006 100 0040 0021 085.1 51.26 00000 00110110 00 00 01102 010\x83\x;B\xe7\x;00000000000000000000000000000000\xeb\x
00:07:20;239.9 50.2 229.9 50.1 1080 0742 021 356 51.20 006 100 0040 0021 086.4 51.26 00000 00110110 00 00 01112 010\x11\x;B\xe7\x;NAK
00:07:35;239.1 50.2 230.3 50.2 1035 0701 020 356 51.20 007 100 0040 0021 087.9 51.26 00000 00110110 00 00 01112 010G\x;B\xe7\x;00000000000000000000000000000000\xeb\x
00:07:50;239.0 50.2 229.9 50.2 1081 0723 021 356 51.20 006 100 0040 0021 087.2 51.26 00000 00110110 00 00 01112 010J\x;B\xe7\x;00000000000000000000000000000000\xeb\x
00:08:05;239.8 50.2 230.1 50.2 1035 0694 020 355 51.10 003 100 0040 0018 088.1 51.10 00000 00110110 00 00 00940 010O\x;B\xe7\x;00000000000000000000000000000000\xeb\x
00:08:19;239.8 50.2 229.8 50.1 1057 0732 021 355 51.00 001 100 0040 0017 075.6 51.03 00000 00110110 00 00 00867 010\xfa\x;B\xe7\x;00000000000000000000000000000000\xeb\x
00:08:34;240.6 50.2 230.2 50.1 1058 0709 021 355 51.10 005 100 0040 0020 084.7 51.10 00000 00110110 00 00 01052 010\xbc\x;B\xe7\x;00000000000000000000000000000000\xeb\x
00:08:49;238.9 50.2 230.1 50.2 1058 0715 021 353 50.80 002 098 0040 0015 078.2 50.87 00000 00110110 00 00 00768 010\xd;B\xe7\x;00000000000000000000000000000000\xeb\x
00:09:04;239.4 50.2 230.1 50.2 1058 0721 021 352 50.60 000 096 0040 0010 070.4 50.63 00005 00110110 00 00 00506 010\x8e\x;B\xe7\x;00000000000000000000000000000000\xeb\x
00:09:19;239.6 50.1 230.1 50.1 1034 0702 020 351 50.50 000 095 0040 0008 080.1 50.48 00006 00110110 00 00 00413 010\xe9\x;B\xe7\x;00000000000000000000000000000000\xeb\x
00:09:34;239.9 50.2 230.1 50.2 1035 0697 020 350 50.40 000 094 0040 0008 089.9 50.40 00006 00110110 00 00 00428 010\xa;B\xe7\x;00000000000000000000000000000000\xeb\x
00:09:49;239.2 50.1 230.1 50.2 1035 0697 020 350 50.40 000 094 0040 0008 090.7 50.32 00006 00110110 00 00 00432 010\x9;B\xe7\x;00000000000000000000000000000000\xeb\x
00:10:04;238.8 50.1 230.0 50.1 1011 0688 020 350 50.40 000 094 0040 0009 081.4 50.32 00005 00110110 00 00 00467 010\x9;B\xe7\x;00000000000000000000000000000000\xeb\x
00:10:19;239.5 50.1 230.1 50.1 1012 0682 020 350 50.30 000 093 0040 0008 088.1 50.32 00006 00110110 00 00 00432 010T\x;B\xe7\x;00000000000000000000000000000000\xeb\x
00:10:34;239.5 50.1 230.3 50.1 1036 0715 020 349 50.20 000 092 0040 0008 092.1 50.32 00006 00110110 00 00 00442 010\x0;B\xe7\x;00000000000000000000000000000000\xeb\x
00:10:49;240.5 50.1 229.9 50.1 1034 0695 020 349 50.30 000 093 0040 0008 093.9 50.24 00006 00110110 00 00 00437 010\xf;B\xe7\x;00000000000000000000000000000000\xeb\x
00:11:04;239.6 50.0 230.1 50.1 1012 0691 020 350 50.30 000 093 0040 0009 095.1 50.24 00005 00110110 00 00 00452 010;B\xe7\x;00000000000000000000000000000000\xeb\x
00:11:19;239.9 50.1 230.1 50.1 1012 0689 020 350 50.30 000 081 0040 0009 092.7 50.24 00004 00110110 00 00 00482 010;B\xe7\x;00000000000000000000000000000000\xeb\x
00:11:34;239.9 50.1 229.6 50.1 1010 0694 020 350 50.30 000 093 0040 0011 095.1 50.32 00003 00110110 00 00 00553 010\xde\x;B\xe7\x;00000000000000000000000000000000\xeb\x
00:11:49;238.7 50.1 230.1 50.1 1035 0695 020 351 50.50 000 095 0041 0015 078.9 50.48 00000 00110110 00 00 00767 010;B\xe7\x;00000000000000000000000000000000\xeb\x
00:12:04;239.1 50.1 229.9 50.1 1011 0695 020 351 50.50 000 095 0040 0013 091.1 50.48 00001 00110110 00 00 00691 010?\x;B\xe7\x;00000000000000000000000000000000\xeb\x
00:12:19;240.0 50.1 230.0 50.1 1035 0701 020 350 50.40 000 094 0040 0011 087.1 50.40 00004 00110110 00 00 00554 010\x8c\x;B\xe7\x;00000000000000000000000000000000\xeb\x
00:12:34;239.5 50.1 229.9 50.2 1034 0700 020 350 50.30 000 093 0040 0009 092.1 50.32 00005 00110110 00 00 00462 010k\x;B\xe7\x;00000000000000000000000000000000\xeb\x
00:12:49;239.6 50.1 230.0 50.1 1012 0675 020 349 50.20 000 092 0040 0008 091.7 50.16 00005 00110110 00 00 00431 010_\x;B\xe7\x;00000000000000000000000000000000\xeb\x
00:13:04;239.6 50.1 229.8 50.0 1034 0709 020 348 50.10 000 091 0040 0008 089.1 50.16 00007 00110110 00 00 00401 010\xb;B\xe7\x;00000000000000000000000000000000\xeb\x
00:13:19;239.7 50.1 230.3 50.1 1035 0696 020 348 50.10 000 091 0040 0007 090.4 50.09 00007 00110110 00 00 00390 010;B\xe7\x;00000000000000000000000000000000\xeb\x
00:13:34;239.2 50.1 230.0 50.0 1012 0683 020 348 50.10 000 091 0041 0007 084.9 50.09 00007 00110110 00 00 00365 0102\x;B\xe7\x;00000000000000000000000000000000\xeb\x
00:13:49;238.9 50.0 230.1 50.0 1012 0685 020 348 50.10 000 091 0041 0007 096.2 50.09 00007 00110110 00 00 00360 010\x04\x;B\xe7\x;00000000000000000000000000000000\xeb\x
00:14:04;239.2 50.0 230.1 50.0 1035 0695 020 348 50.00 000 090 0041 0006 084.4 50.01 00008 00110110 00 00 00335 010\x1;B\xe7\x;00000000000000000000000000000000\xeb\x
00:14:19;237.2 50.0 230.2 50.0 1035 0700 020 347 50.00 000 090 0041 0006 095.9 50.01 00008 00110110 00 00 00330 010\xd4\x;B\xe7\x;00000000000000000000000000000000\xeb\x
00:14:34;238.4 50.0 230.2 50.0 1035 0700 020 347 50.00 000 090 0041 0006 095.7 50.01 00008 00110110 00 00 00330 010\x0;B\xe7\x;00000000000000000000000000000000\xeb\x
00:14:49;238.2 50.0 230.0 49.9 1058 0715 021 347 49.90 000 089 0041 0006 090.1 49.93 00008 00110110 00 00 00329 010\x8;B\xe7\x;00000000000000000000000000000000\xeb\x
00:15:04;237.5 49.9 230.1 49.9 1035 0698 020 347 49.90 000 089 0041 0006 088.4 49.93 00008 00110110 00 00 00324 010\xe0\x;B\xe7\x;00000000000000000000000000000000\xeb\x
00:15:19;236.3 49.8 229.7 49.8 1056 0718 021 347 49.90 000 089 0041 0006 090.9 49.93 00008 00110110 00 00 00319 010\x1c\x;B\xe7\x;00000000000000000000000000000000\xeb\x
00:15:34;236.9 49.8 230.1 49.8 1035 0705 020 347 49.90 000 089 0041 0006 093.9 49.85 00008 00110110 00 00 00314 010\xeb\x;B\xe7\x;00000000000000000000000000000000\xeb\x
00:15:49;237.3 49.8 230.0 49.8 1035 0710 020 347 49.90 000 089 0041 0006 092.2 49.85 00008 00110110 00 00 00314 010\xf4\x;B\xe7\x;00000000000000000000000000000000\xeb\x
00:16:04;237.3 49.8 230.1 49.8 1035 0691 020 347 49.90 000 089 0041 0006 089.9 49.85 00008 00110110 00 00 00309 010\xf;B\xe7\x;00000000000000000000000000000000\xeb\x
00:16:19;237.8 49.8 230.2 49.8 1012 0677 020 346 49.80 000 088 0041 0006 089.2 49.85 00009 00110110 00 00 00304 010\xa5\x;B\xe7\x;00000000000000000000000000000000\xeb\x
00:16:34;237.4 49.8 230.2 49.8 1035 0708 020 346 49.80 000 088 0041 0006 087.6 49.77 00009 00110110 00 00 00298 010o;B\xe7\x;00000000000000000000000000000000\xeb\x
00:16:49;237.7 49.8 230.1 49.8 1012 0684 020 346 49.80 000 088 0041 0005 084.1 49.77 00009 00110110 00 00 00283 010\xe7\x;B\xe7\x;00000000000000000000000000000000\xeb\x
00:17:04;235.1 49.8 230.0 49.7 1033 0711 020 346 49.80 000 088 0041 0005 095.7 49.77 00009 00110110 00 00 00293 010e\x;B\xe7\x;00000000000000000000000000000000\xeb\x
00:17:19;235.7 49.7 229.7 49.7 1011 0677 020 346 49.80 000 088 0041 0005 099.4 49.77 00008 00110110 00 00 00283 010\x8;B\xe7\x;00000000000000000000000000000000\xeb\x
00:17:33;234.1 49.6 229.9 49.6 1057 0724 021 346 49.70 000 087 0041 0005 085.4 49.77 00009 00110110 00 00 00278 010\xce\x;B\xe7\x;00000000000000000000000000000000\xeb\x
00:17:48;233.9 49.6 230.0 49.6 1035 0691 020 346 49.70 000 087 0041 0005 089.1 49.77 00009 00110110 00 00 00278 010\xf;B\xe7\x;00000000000000000000000000000000\xeb\x
00:18:03;234.1 49.6 230.2 49.6 1012 0674 020 346 49.70 000 087 0041 0005 097.7 49.77 00009 00110110 00 00 00278 010\x9f\x;B\xe7\x;00000000000000000000000000000000\xeb\x
00:18:18;234.3 49.6 230.2 49.6 1035 0689 020 346 49.70 000 087 0041 0005 092.9 49.69 00009 00110110 00 00 00283 010c\x;B\xe7\x;00000000000000000000000000000000\xeb\x
00:18:33;233.4 49.5 229.9 49.5 0989 0661 019 346 49.70 000 075 0041 0005 092.7 49.69 00008 00110110 00 00 00278 010\xc6\x;B\xe7\x;00000000000000000000000000000000\xeb\x
00:18:48;233.4 49.5 230.3 49.5 1013 0673 020 346 49.70 000 087 0041 0005 095.1 49.69 00009 00110110 00 00 00273 010\xbb\x;B\xe7\x;00000000000000000000000000000000\xeb\x
00:19:03;232.7 49.5 230.1 49.5 1012 0679 020 346 49.70 000 087 0041 0005 093.4 49.69 00009 00110110 00 00 00268 010\x91\x;B\xe7\x;00000000000000000000000000000000\xeb\x
00:19:18;233.9 49.5 229.9 49.6 1011 0689 020 345 49.70 000 087 0041 0005 084.7 49.69 00009 00110110 00 00 00253 010i\x;B\xe7\x;00000000000000000000000000000000\xeb\x
00:19:33;234.0 49.6 229.9 49.6 1011 0688 020 346 49.70 000 087 0041 0005 090.2 49.69 00009 00110110 00 00 00268 010\xa;B\xe7\x;00000000000000000000000000000000\xeb\x
00:19:48;237.3 49.7 230.1 49.7 1012 0676 020 346 49.70 000 087 0041 0005 085.2 49.62 00009 00110110 00 00 00253 010\xc;B\xe7\x;00000000000000000000000000000000\xeb\x
00:20:03;237.5 49.7 230.0 49.7 1012 0683 020 345 49.70 000 087 0041 0005 099.4 49.69 00009 00110110 00 00 00263 010\xa;B\xe7\x;00000000000000000000000000000000\xeb\x
00:20:18;236.5 49.7 230.0 49.7 0989 0676 019 345 49.70 000 075 0041 0005 099.2 49.62 00009 00110110 00 00 00258 010T\x;B\xe7\x;00000000000000000000000000000000\xeb\x
00:20:33;237.3 49.7 230.2 49.7 1012 0678 020 345 49.60 000 086 0041 0005 089.1 49.62 00009 00110110 00 00 00253 010\xd4\x;B\xe7\x;00000000000000000000000000000000\xeb\x
00:20:48;237.0 49.7 230.1 49.7 1035 0694 020 345 49.60 000 086 0041 0005 098.7 49.62 00009 00110110 00 00 00258 010\x8;B\xe7\x;00000000000000000000000000000000\xeb\x
00:21:03;237.4 49.8 229.9 49.8 1034 0699 020 345 49.60 000 086 0041 0006 091.9 49.62 00009 00110110 00 00 00307 010[\x;B\xe7\x;00000000000000000000000000000000\xeb\x
00:21:18;236.7 49.9 229.9 49.9 1011 0683 020 345 49.60 000 086 0041 0006 100.4 49.62 00008 00110110 00 00 00302 010;B\xe7\x;00000000000000000000000000000000\xeb\x
00:21:33;238.4 50.0 230.4 49.9 0990 0656 019 345 49.60 000 074 0041 0006 097.1 49.62 00007 00110110 00 00 00327 010a\x;B\xe7\x;00000000000000000000000000000000\xeb\x
00:21:48;233.8 50.0 229.9 50.0 1011 0697 020 345 49.60 000 086 0041 0006 089.2 49.62 00008 00110110 00 00 00342 010\x1;B\xe7\x;00000000000000000000000000000000\xeb\x
00:22:03;233.8 49.9 230.2 49.9 0966 0638 019 346 49.70 000 075 0041 0008 094.7 49.77 00005 00110110 00 00 00428 010\xe;B\xe7\x;00000000000000000000000000000000\xeb\x
00:22:18;234.5 50.0 230.0 50.0 0988 0647 019 346 49.70 000 075 0041 0007 098.7 49.69 00006 00110110 00 00 00392 010j\x;B\xe7\x;00000000000000000000000000000000\xeb\x
00:22:33;235.6 50.1 230.2 50.1 0920 0604 018 346 49.70 000 075 0041 0006 101.1 49.69 00006 00110110 00 00 00337 010\x82\x;B\xe7\x;00000000000000000000000000000000\xeb\x
00:22:48;234.6 50.1 229.9 50.1 0965 0630 019 345 49.60 000 074 0041 0005 091.6 49.62 00008 00110110 00 00 00292 010k\x;B\xe7\x;00000000000000000000000000000000\xeb\x
00:23:03;235.0 50.1 229.9 50.1 0943 0608 018 345 49.60 000 074 0040 0005 099.1 49.62 00007 00110110 00 00 00282 010\xa5\x;B\xe7\x;00000000000000000000000000000000\xeb\x
00:23:18;235.3 50.2 229.7 50.2 0942 0624 018 345 49.60 000 074 0040 0005 092.6 49.54 00008 00110110 00 00 00272 010,\x;B\xe7\x;00000000000000000000000000000000\xeb\x
00:23:33;231.8 50.2 230.0 50.2 0943 0618 018 345 49.60 000 074 0040 0005 095.2 49.62 00007 00110110 00 00 00272 010\x1e\x;B\xe7\x;00000000000000000000000000000000\xeb\x
00:23:48;231.1 50.2 230.2 50.2 0920 0604 018 344 49.50 000 073 0040 0005 095.6 49.62 00007 00110110 00 00 00267 010\xdb\x;B\xe7\x;00000000000000000000000000000000\xeb\x
00:24:03;233.3 50.2 230.0 50.2 0943 0617 018 345 49.60 000 074 0041 0005 095.1 49.54 00008 00110110 00 00 00257 010\x1f\x;B\xe7\x;00000000000000000000000000000000\xeb\x
00:24:18;229.8 50.2 229.9 50.2 0965 0639 019 345 49.60 000 074 0041 0005 094.1 49.54 00008 00110110 00 00 00257 010\x9;B\xe7\x;00000000000000000000000000000000\xeb\x
00:24:33;231.3 50.2 229.9 50.2 0988 0662 019 344 49.50 000 073 0041 0005 097.1 49.54 00008 00110110 00 00 00252 010\x9;B\xe7\x;00000000000000000000000000000000\xeb\x
00:24:48;232.3 50.2 230.2 50.2 0943 0622 018 345 49.50 000 073 0040 0005 097.2 49.46 00008 00110110 00 00 00247 010^\x;B\xe7\x;00000000000000000000000000000000\xeb\x
00:25:03;232.1 50.2 230.2 50.1 0943 0614 018 344 49.50 000 073 0040 0004 095.9 49.54 00008 00110110 00 00 00242 010f\x;B\xe7\x;00000000000000000000000000000000\xeb\x
00:25:18;232.7 50.2 230.0 50.2 0966 0632 019 344 49.50 000 073 0040 0004 096.4 49.54 00008 00110110 00 00 00232 010o\x;B\xe7\x;00000000000000000000000000000000\xeb\x
00:25:33;231.3 50.2 230.0 50.2 0943 0620 018 344 49.50 000 073 0040 0004 090.7 49.46 00008 00110110 00 00 00227 010\xc;B\xe7\x;00000000000000000000000000000000\xeb\x
00:25:47;233.9 50.2 229.9 50.2 0942 0621 018 344 49.50 000 073 0040 0004 100.6 49.46 00008 00110110 00 00 00227 010{\x;B\xe7\x;00000000000000000000000000000000\xeb\x
00:26:02;232.6 50.2 229.0 50.2 0961 0664 019 344 49.50 000 073 0040 0004 100.7 49.46 00009 00110110 00 00 00222 010;B\xe7\x;00000000000000000000000000000000\xeb\x
00:26:17;232.4 50.2 230.2 50.2 0920 0614 018 344 49.50 000 073 0040 0004 101.2 49.46 00009 00110110 00 00 00217 010\xa0\x;B\xe7\x;00000000000000000000000000000000\xeb\x
00:26:32;232.3 50.2 230.0 50.2 0943 0618 018 344 49.50 000 073 0040 0004 093.9 49.46 00008 00110110 00 00 00222 010;B\xe7\x;00000000000000000000000000000000\xeb\x
00:26:47;235.6 50.2 230.3 50.2 0921 0601 018 344 49.50 000 073 0040 0004 095.4 49.46 00008 00110110 00 00 00217 010:\x;B\xe7\x;00000000000000000000000000000000\xeb\x
00:27:02;235.2 50.2 230.1 50.3 0920 0608 018 344 49.50 000 073 0040 0004 097.4 49.46 00009 00110110 00 00 00217 010A\x;B\xe7\x;00000000000000000000000000000000\xeb\x
00:27:17;235.2 50.2 230.0 50.2 0943 0619 018 344 49.50 000 073 0040 0004 100.6 49.46 00009 00110110 00 00 00217 010)\x;B\xe7\x;00000000000000000000000000000000\xeb\x
00:27:32;234.8 50.3 230.3 50.2 0921 0616 018 344 49.50 000 073 0040 0004 100.2 49.46 00009 00110110 00 00 00217 010\x0;B\xe7\x;00000000000000000000000000000000\xeb\x
00:27:47;234.1 50.2 230.1 50.2 0943 0610 018 344 49.50 000 073 0040 0004 088.1 49.46 00009 00110110 00 00 00212 010\x9;B\xe7\x;00000000000000000000000000000000\xeb\x
00:28:02;234.9 50.2 230.1 50.2 0943 0613 018 344 49.50 000 073 0040 0004 100.6 49.46 00009 00110110 00 00 00222 010\x9d\x;B\xe7\x;00000000000000000000000000000000\xeb\x
00:28:17;236.6 50.2 230.1 50.2 0943 0627 018 344 49.50 000 073 0040 0004 103.2 49.46 00009 00110110 00 00 00212 010\x82\x;B\xe7\x;00000000000000000000000000000000\xeb\x
00:28:32;236.9 50.3 230.1 50.3 0920 0609 018 344 49.40 000 072 0040 0004 101.9 49.38 00008 00110110 00 00 00222 010;B\xe7\x;00000000000000000000000000000000\xeb\x
00:28:47;238.2 50.3 230.0 50.3 0941 0621 018 344 49.40 000 072 0040 0004 086.4 49.38 00009 00110110 00 00 00217 010@\x;B\xe7\x;00000000000000000000000000000000\xeb\x
00:29:02;236.3 50.2 229.7 50.2 0943 0618 018 344 49.40 000 072 0040 0004 095.6 49.38 00008 00110110 00 00 00237 010\xf;B\xe7\x;00000000000000000000000000000000\xeb\x
00:29:17;236.2 50.2 230.0 50.2 0943 0624 018 344 49.40 000 072 0040 0004 087.7 49.38 00008 00110110 00 00 00227 010\xe0\x;B\xe7\x;00000000000000000000000000000000\xeb\x
00:29:32;235.3 50.2 230.1 50.2 0943 0623 018 344 49.40 000 072 0040 0004 096.2 49.46 00008 00110110 00 00 00242 010\xe;B\xe7\x;00000000000000000000000000000000\xeb\x
00:29:47;235.5 50.2 229.7 50.2 0920 0603 018 344 49.40 000 072 0040 0005 094.7 49.46 00008 00110110 00 00 00247 010\xba\x;B\xe7\x;00000000000000000000000000000000\xeb\x
00:30:02;234.4 50.2 230.0 50.2 0943 0620 018 344 49.40 000 072 0040 0005 097.4 49.38 00008 00110110 00 00 00251 010B\x;B\xe7\x;00000000000000000000000000000000\xeb\x
00:30:17;234.5 50.2 230.3 50.2 0944 0616 018 344 49.40 000 072 0040 0004 090.2 49.46 00008 00110110 00 00 00242 0101\x;B\xe7\x;00000000000000000000000000000000\xeb\x
00:30:32;235.9 50.2 230.2 50.2 0943 0637 018 344 49.40 000 072 0040 0005 101.9 49.46 00008 00110110 00 00 00257 010\xc;B\xe7\x;00000000000000000000000000000000\xeb\x
00:30:47;236.1 50.2 230.0 50.2 0966 0635 019 344 49.40 000 072 0040 0005 086.7 49.46 00008 00110110 00 00 00252 010\xd;B\xe7\x;00000000000000000000000000000000\xeb\x
00:31:02;234.7 50.2 230.1 50.2 0965 0636 019 344 49.40 000 072 0040 0005 090.4 49.46 00008 00110110 00 00 00257 010J\x;B\xe7\x;00000000000000000000000000000000\xeb\x
00:31:17;233.7 50.2 230.2 50.2 0943 0622 018 344 49.40 000 072 0040 0005 102.7 49.38 00008 00110110 00 00 00266 010/\x;B\xe7\x;00000000000000000000000000000000\xeb\x
00:31:32;230.6 50.2 229.9 50.2 0943 0620 018 344 49.40 000 072 0040 0005 088.2 49.38 00008 00110110 00 00 00261 010\x0e\x;B\xe7\x;00000000000000000000000000000000\xeb\x
00:31:47;236.2 50.2 230.0 50.2 0943 0619 018 344 49.50 000 073 0040 0005 092.7 49.46 00007 00110110 00 00 00281 010\xc;B\xe7\x;00000000000000000000000000000000\xeb\x
00:32:02;235.2 50.2 229.5 50.2 0940 0635 018 343 49.40 000 072 0040 0005 098.7 49.38 00008 00110110 00 00 00286 010\xad\x;B\xe7\x;00000000000000000000000000000000\xeb\x
00:32:17;235.4 50.2 229.9 50.2 0966 0641 019 344 49.40 000 072 0040 0005 098.6 49.38 00008 00110110 00 00 00286 010I\x;B\xe7\x;00000000000000000000000000000000\xeb\x
00:32:32;235.1 50.2 230.0 50.1 0942 0626 018 344 49.50 000 073 0040 0005 093.9 49.46 00007 00110110 00 00 00286 0101\x;B\xe7\x;00000000000000000000000000000000\xeb\x
00:32:47;234.6 50.1 229.9 50.1 0989 0720 019 343 49.40 000 072 0040 0005 097.7 49.38 00009 00110110 00 00 00286 010\xc;B\xe7\x;00000000000000000000000000000000\xeb\x
00:33:02;234.6 50.1 230.1 50.1 0989 0724 019 343 49.30 000 071 0040 0005 092.6 49.30 00010 00110110 00 00 00266 010;B\xe7\x;00000000000000000000000000000000\xeb\x
00:33:17;234.2 50.2 229.7 50.1 0989 0728 019 342 49.30 000 071 0040 0004 085.9 49.30 00011 00110110 00 00 00241 010k\x;B\xe7\x;00000000000000000000000000000000\xeb\x
00:33:31;234.5 50.2 229.6 50.2 0987 0735 019 342 49.30 000 071 0040 0005 101.9 49.30 00010 00110110 00 00 00256 010;B\xe7\x;00000000000000000000000000000000\xeb\x
00:33:46;234.4 50.1 230.0 50.1 0989 0724 019 342 49.30 000 071 0040 0005 089.4 49.30 00010 00110110 00 00 00261 0108\x;B\xe7\x;00000000000000000000000000000000\xeb\x
00:34:01;234.3 50.1 230.2 50.0 0966 0702 019 343 49.30 000 071 0040 0005 091.9 49.30 00010 00110110 00 00 00276 010;B\xe7\x;00000000000000000000000000000000\xeb\x
00:34:16;234.5 50.1 230.1 50.1 0966 0705 019 343 49.40 000 072 0040 0005 104.2 49.30 00009 00110110 00 00 00290 010S\x;B\xe7\x;00000000000000000000000000000000\xeb\x
00:34:31;234.8 50.1 230.1 50.1 0988 0722 019 343 49.40 000 072 0040 0006 095.2 49.38 00009 00110110 00 00 00306 010\x05\x;B\xe7\x;00000000000000000000000000000000\xeb\x
00:34:46;234.7 50.1 230.0 50.1 0966 0702 019 343 49.40 000 072 0040 0006 100.4 49.30 00009 00110110 00 00 00295 010\xa;B\xe7\x;00000000000000000000000000000000\xeb\x
00:35:01;232.9 50.1 230.0 50.1 0966 0710 019 343 49.30 000 071 0040 0005 091.7 49.30 00010 00110110 00 00 00261 010\xe;B\xe7\x;00000000000000000000000000000000\xeb\x
00:35:16;232.6 50.1 229.9 50.0 0965 0711 019 342 49.30 000 071 0040 0004 091.7 49.22 00011 00110110 00 00 00211 010\xbe\x;B\xe7\x;00000000000000000000000000000000\xeb\x
00:35:31;232.2 50.0 230.1 50.0 0966 0725 019 342 49.30 000 071 0040 0003 095.2 49.22 00012 00110110 00 00 00177 010\xf;B\xe7\x;00000000000000000000000000000000\xeb\x
00:35:46;232.8 50.0 230.1 50.0 0943 0706 018 342 49.20 000 070 0040 0003 097.1 49.22 00012 00110110 00 00 00157 010)\x;B\xe7\x;00000000000000000000000000000000\xeb\x
00:36:01;231.7 50.0 229.9 50.0 0942 0695 018 342 49.20 000 070 0040 0002 092.4 49.15 00012 00110110 00 00 00142 010\x8a\x;B\xe7\x;00000000000000000000000000000000\xeb\x
00:36:16;230.3 50.1 229.9 50.0 0988 0733 019 341 49.20 000 070 0040 0002 088.7 49.15 00013 00110110 00 00 00132 010\xda\x;B\xe7\x;00000000000000000000000000000000\xeb\x
00:36:31;230.2 50.1 229.8 50.1 0964 0710 019 341 49.20 000 070 0040 0002 081.2 49.15 00013 00110110 00 00 00117 010W\x;B\xe7\x;00000000000000000000000000000000\xeb\x
00:36:46;230.9 50.0 229.9 50.0 0942 0694 018 342 49.20 000 070 0040 0002 080.9 49.15 00012 00110110 00 00 00113 010\x06\x;B\xe7\x;00000000000000000000000000000000\xeb\x
00:37:01;230.4 50.0 229.9 50.0 0942 0696 018 341 49.20 000 070 0040 0002 084.2 49.15 00013 00110110 00 00 00108 010;B\xe7\x;00000000000000000000000000000000\xeb\x
00:37:16;230.1 50.0 229.9 50.0 0942 0699 018 341 49.20 000 070 0040 0002 099.6 49.15 00013 00110110 00 00 00108 010\xc0\x;B\xe7\x;00000000000000000000000000000000\xeb\x
00:37:31;230.1 50.0 230.1 50.0 0943 0690 018 341 49.20 000 070 0040 0002 084.4 49.15 00013 00110110 00 00 00098 010\xa4\x;B\xe7\x;00000000000000000000000000000000\xeb\x
00:37:46;230.6 50.0 229.9 50.1 0942 0685 018 341 49.20 000 070 0040 0001 080.7 49.15 00013 00110110 00 00 00088 010\xf9\x;B\xe7\x;00000000000000000000000000000000\xeb\x
00:38:01;230.0 50.1 229.9 50.1 0942 0705 018 341 49.10 000 069 0040 0001 083.9 49.15 00013 00110110 00 00 00083 010;B\xe7\x;00000000000000000000000000000000\xeb\x
00:38:16;229.8 49.9 230.1 49.9 0920 0667 018 341 49.20 000 070 0040 0001 089.2 49.15 00012 00110110 00 00 00088 010\xb9\x;B\xe7\x;00000000000000000000000000000000\xeb\x
00:38:31;230.5 49.8 230.1 49.8 0920 0667 018 341 49.20 000 070 0040 0001 098.2 49.15 00013 00110110 00 00 00078 010\x0;B\xe7\x;00000000000000000000000000000000\xeb\x
00:38:46;230.4 49.8 230.1 49.8 0897 0672 017 341 49.10 000 069 0040 0001 102.1 49.08 00013 00110110 00 00 00073 010\x1;B\xe7\x;00000000000000000000000000000000\xeb\x
00:39:01;230.0 49.7 230.1 49.7 0897 0661 017 341 49.10 000 069 0040 0001 098.1 49.15 00013 00110110 00 00 00073 010\xb7\x;B\xe7\x;00000000000000000000000000000000\xeb\x
00:39:16;230.3 49.8 230.0 49.8 0989 0718 019 341 49.10 000 069 0040 0001 094.2 49.15 00014 00110110 00 00 00068 010\x8;B\xe7\x;00000000000000000000000000000000\xeb\x
00:39:31;231.1 50.0 230.1 50.0 0897 0653 017 342 49.20 000 070 0040 0001 087.4 49.15 00012 00110110 00 00 00068 010;B\xe7\x;00000000000000000000000000000000\xeb\x
00:39:46;231.3 50.0 230.2 50.0 0943 0692 018 340 49.10 000 069 0040 0001 101.7 49.08 00014 00110110 00 00 00058 010\xa6\x;B\xe7\x;00000000000000000000000000000000\xeb\x
00:40:01;229.7 50.0 230.1 50.1 0920 0677 018 341 49.10 000 069 0040 0001 100.6 49.08 00013 00110110 00 00 00063 010\x80\x;B\xe7\x;00000000000000000000000000000000\xeb\x
00:40:16;229.7 50.0 230.6 50.1 0897 0606 017 342 49.20 000 070 0040 0001 097.9 49.15 00012 00110110 00 00 00063 010\x9;B\xe7\x;00000000000000000000000000000000\xeb\x
00:40:31;230.9 50.1 230.2 50.1 0897 0598 017 342 49.10 000 069 0040 0001 088.9 49.15 00011 00110110 00 00 00063 010\xa;B\xe7\x;00000000000000000000000000000000\xeb\x
00:40:46;231.2 50.1 230.2 50.1 0920 0618 018 342 49.20 000 070 0040 0001 089.7 49.15 00012 00110110 00 00 00063 010\xe1\x;B\xe7\x;00000000000000000000000000000000\xeb\x
00:41:01;229.8 50.2 230.0 50.2 0897 0610 017 342 49.10 000 069 0040 0001 079.4 49.08 00012 00110110 00 00 00053 010;B\xe7\x;00000000000000000000000000000000\xeb\x
00:41:15;230.1 50.1 229.9 50.2 0920 0614 018 342 49.10 000 069 0040 0001 099.7 49.15 00012 00110110 00 00 00058 010\xe;B\xe7\x;00000000000000000000000000000000\xeb\x
00:41:30;230.1 50.2 230.0 50.2 0918 0615 018 342 49.10 000 069 0040 0001 087.2 49.15 00012 00110110 00 00 00063 010\xda\x;B\xe7\x;00000000000000000000000000000000\xeb\x
00:41:45;231.0 50.1 230.4 50.1 0896 0603 017 342 49.10 000 069 0040 0001 085.7 49.15 00012 00110110 00 00 00058 010;B\xe7\x;00000000000000000000000000000000\xeb\x
00:42:00;231.1 50.1 230.0 50.1 0966 0666 019 341 49.10 000 069 0040 0001 097.7 49.08 00013 00110110 00 00 00058 010\xfe\x;B\xe7\x;00000000000000000000000000000000\xeb\x
00:42:15;231.1 50.1 230.1 50.2 0966 0663 019 341 49.10 000 069 0040 0001 084.2 49.08 00013 00110110 00 00 00058 010/\x;B\xe7\x;00000000000000000000000000000000\xeb\x
00:42:30;231.2 50.2 229.9 50.2 0965 0675 019 341 49.10 000 069 0040 0001 076.1 49.08 00013 00110110 00 00 00053 010;\x;B\xe7\x;00000000000000000000000000000000\xeb\x
00:42:45;231.4 50.2 230.1 50.1 0965 0665 019 341 49.10 000 069 0040 0001 097.7 49.08 00013 00110110 00 00 00068 010\x16\x;B\xe7\x;00000000000000000000000000000000\xeb\x
00:43:00;231.2 50.1 230.2 50.2 0966 0656 019 342 49.10 000 069 0040 0001 095.9 49.08 00013 00110110 00 00 00068 010\xf;B\xe7\x;00000000000000000000000000000000\xeb\x
00:43:15;230.9 50.1 230.2 50.1 0966 0666 019 341 49.10 000 069 0040 0001 097.7 49.08 00013 00110110 00 00 00068 010;B\xe7\x;00000000000000000000000000000000\xeb\x
00:43:30;230.6 50.1 230.3 50.1 0967 0658 019 341 49.10 000 069 0040 0001 096.7 49.08 00013 00110110 00 00 00068 010\xf4\x;B\xe7\x;00000000000000000000000000000000\xeb\x
00:43:45;229.1 50.1 229.9 50.1 0965 0663 019 341 49.10 000 069 0040 0001 093.9 49.08 00013 00110110 00 00 00068 010\x0;B\xe7\x;00000000000000000000000000000000\xeb\x
00:44:00;228.7 50.1 229.7 50.1 0965 0673 019 341 49.10 000 069 0040 0001 093.9 49.08 00013 00110110 00 00 00063 010\x1;B\xe7\x;00000000000000000000000000000000\xeb\x
00:44:15;228.5 50.1 230.2 50.1 0965 0656 019 341 49.10 000 069 0040 0001 092.1 49.08 00013 00110110 00 00 00058 010\xf;B\xe7\x;00000000000000000000000000000000\xeb\x
00:44:30;228.7 50.0 229.7 50.0 0943 0652 018 341 49.10 000 069 0040 0001 082.6 49.08 00013 00110110 00 00 00049 010;B\xe7\x;00000000000000000000000000000000\xeb\x
00:44:45;227.3 50.0 230.0 50.0 0989 0671 019 341 49.00 000 068 0040 0001 095.6 49.08 00013 00110110 00 00 00053 010)\x;B\xe7\x;00000000000000000000000000000000\xeb\x
00:45:00;227.8 50.0 229.7 50.0 0965 0673 019 341 49.00 000 068 0040 0000 063.2 49.00 00014 00110110 00 00 00039 010\x80\x;B\xe7\x;00000000000000000000000000000000\xeb\x
00:45:15;227.9 50.0 230.2 50.0 0966 0668 019 341 49.00 000 068 0040 0001 093.4 49.08 00013 00110110 00 00 00049 010\xf;B\xe7\x;00000000000000000000000000000000\xeb\x
00:45:30;228.9 50.0 230.2 50.0 0966 0660 019 341 49.00 000 068 0040 0000 091.6 49.00 00013 00110110 00 00 00044 0105\x;B\xe7\x;00000000000000000000000000000000\xeb\x
00:45:45;227.9 50.0 230.0 50.0 0966 0659 019 341 49.00 000 068 0040 0000 080.1 49.00 00013 00110110 00 00 00039 010;B\xe7\x;00000000000000000000000000000000\xeb\x
00:46:00;228.3 50.0 229.9 50.0 0966 0663 019 341 49.00 000 068 0040 0000 096.2 49.00 00013 00110110 00 00 00044 010\x9;B\xe7\x;00000000000000000000000000000000\xeb\x
00:46:15;227.6 50.0 230.0 50.0 0965 0669 019 341 49.00 000 068 0040 0000 102.2 49.00 00014 00110110 00 00 00029 010\x9e\x;B\xe7\x;00000000000000000000000000000000\xeb\x
00:46:30;228.5 49.9 230.1 49.9 0966 0664 019 341 49.00 000 068 0040 0000 088.9 49.00 00013 00110110 00 00 00034 010\x80\x;B\xe7\x;00000000000000000000000000000000\xeb\x
00:46:45;228.9 50.0 230.1 50.0 0966 0659 019 341 49.00 000 068 0040 0000 094.6 49.00 00014 00110110 00 00 00034 010\xa9\x;B\xe7\x;00000000000000000000000000000000\xeb\x
00:47:00;228.0 50.0 229.9 50.0 0965 0668 019 341 49.00 000 068 0040 0000 101.4 49.00 00014 00110110 00 00 00029 010;B\xe7\x;00000000000000000000000000000000\xeb\x
00:47:15;229.1 50.0 229.7 50.0 0964 0658 019 341 49.00 000 068 0040 0000 093.6 49.00 00013 00110110 00 00 00029 010\xc;B\xe7\x;00000000000000000000000000000000\xeb\x
00:47:30;228.6 50.1 230.2 50.1 0966 0667 019 341 49.00 000 068 0040 0000 097.9 49.00 00014 00110110 00 00 00029 010\xef\x;B\xe7\x;00000000000000000000000000000000\xeb\x
00:47:45;228.7 50.1 230.4 50.1 0990 0669 019 341 49.10 000 069 0040 0000 095.4 49.00 00014 00110110 00 00 00029 010\xf;B\xe7\x;00000000000000000000000000000000\xeb\x
00:48:00;228.2 50.1 230.3 50.1 0965 0682 019 341 49.00 000 068 0040 0000 089.2 49.00 00014 00110110 00 00 00029 010\xbc\x;B\xe7\x;00000000000000000000000000000000\xeb\x
00:48:15;226.6 50.1 229.4 50.1 0986 0686 019 340 49.00 000 068 0040 0000 080.2 49.00 00014 00110110 00 00 00024 010\xd9\x;B\xe7\x;00000000000000000000000000000000\xeb\x
00:48:30;227.1 50.0 230.2 50.0 0966 0660 019 341 49.00 000 068 0040 0000 093.9 49.00 00013 00110110 00 00 00029 010\x8;B\xe7\x;00000000000000000000000000000000\xeb\x
00:48:45;226.7 50.0 230.1 50.0 0989 0675 019 340 49.00 000 068 0040 0000 088.7 49.00 00014 00110110 00 00 00024 010U\x;B\xe7\x;00000000000000000000000000000000\xeb\x
00:49:00;227.0 50.0 230.0 50.0 0966 0653 019 340 49.00 000 068 0040 0000 092.1 49.00 00013 00110110 00 00 00029 010d\x;B\xe7\x;00000000000000000000000000000000\xeb\x
00:49:15;224.0 49.9 230.3 49.8 0966 0677 019 341 49.00 000 068 0040 0000 086.6 49.00 00014 00110110 00 00 00019 010\xe;B\xe7\x;00000000000000000000000000000000\xeb\x
00:49:29;222.2 49.7 230.0 49.7 0989 0678 019 340 49.00 000 068 0040 0000 079.2 48.92 00014 00110110 00 00 00019 010\xfe\x;B\xe7\x;00000000000000000000000000000000\xeb\x
00:49:44;222.7 49.6 229.8 49.6 0966 0664 019 340 49.00 000 068 0040 0000 085.4 49.00 00014 00110110 00 00 00024 010\xc;B\xe7\x;00000000000000000000000000000000\xeb\x
00:49:59;223.3 49.5 230.2 49.5 0990 0679 019 340 49.00 000 068 0040 0000 057.9 49.00 00014 00110110 00 00 00009 010~\x;B\xe7\x;00000000000000000000000000000000\xeb\x
00:50:14;224.7 49.7 229.9 49.7 0942 0658 018 341 49.00 000 068 0040 0000 085.2 49.00 00014 00110110 00 00 00024 010Z\x;B\xe7\x;00000000000000000000000000000000\xeb\x
00:50:29;225.0 50.0 230.2 49.9 0966 0667 019 340 49.00 000 068 0040 0000 077.4 49.00 00014 00110110 00 00 00019 0109\x;B\xe7\x;00000000000000000000000000000000\xeb\x
00:50:44;226.2 50.0 229.7 50.0 0987 0681 019 340 48.90 000 067 0040 0000 053.6 49.00 00014 00110110 00 00 00009 010\x1f\x;B\xe7\x;00000000000000000000000000000000\xeb\x
00:50:59;226.1 50.0 230.1 50.0 0966 0665 019 340 49.00 000 068 0040 0000 077.1 48.92 00014 00110110 00 00 00019 010\xbd\x;B\xe7\x;00000000000000000000000000000000\xeb\x
00:51:14;226.5 50.0 229.9 50.0 0942 0664 018 340 49.00 000 068 0040 0000 084.4 49.00 00014 00110110 00 00 00019 010\x07\x;B\xe7\x;00000000000000000000000000000000\xeb\x
00:51:29;227.3 50.0 230.0 50.0 0965 0667 019 340 49.00 000 068 0040 0000 059.1 49.00 00014 00110110 00 00 00009 010\xad\x;B\xe7\x;00000000000000000000000000000000\xeb\x
00:51:44;227.6 50.0 230.1 50.0 0989 0669 019 340 49.00 000 068 0040 0000 070.2 48.92 00014 00110110 00 00 00014 010\xd;B\xe7\x;00000000000000000000000000000000\xeb\x
00:51:59;226.7 50.0 229.9 49.9 0989 0681 019 340 49.00 000 068 0040 0000 082.4 48.92 00014 00110110 00 00 00019 010\xae\x;B\xe7\x;00000000000000000000000000000000\xeb\x
00:52:14;226.6 49.9 229.2 49.9 0985 0697 019 340 49.00 000 068 0040 0000 081.9 48.92 00014 00110110 00 00 00019 010;B\xe7\x;00000000000000000000000000000000\xeb\x
00:52:29;231.8 49.9 230.0 50.0 0989 0674 019 340 49.00 000 068 0040 0000 065.2 48.92 00014 00110110 00 00 00009 010\xc7\x;B\xe7\x;00000000000000000000000000000000\xeb\x
00:52:44;232.3 50.0 230.1 50.0 0989 0680 019 340 49.00 000 068 0040 0000 064.1 48.92 00014 00110110 00 00 00009 010;B\xe7\x;00000000000000000000000000000000\xeb\x
00:52:59;232.0 50.0 230.1 49.9 1011 0694 020 340 49.00 000 080 0040 0000 079.9 48.92 00014 00110110 00 00 00019 0107\x;B\xe7\x;00000000000000000000000000000000\xeb\x
00:53:14;228.6 49.9 230.0 49.9 0989 0680 019 340 49.00 000 068 0040 0000 061.9 48.92 00014 00110110 00 00 00014 010n\x;B\xe7\x;00000000000000000000000000000000\xeb\x
00:53:29;224.5 49.9 229.9 49.9 0966 0660 019 340 49.00 000 068 0040 0000 068.1 48.92 00014 00110110 00 00 00014 010V\x;B\xe7\x;00000000000000000000000000000000\xeb\x
00:53:44;227.2 49.8 230.1 49.9 0989 0681 019 340 49.00 000 068 0040 0000 077.7 48.92 00014 00110110 00 00 00014 010U\x;B\xe7\x;00000000000000000000000000000000\xeb\x
00:53:59;213.9 49.8 229.9 49.8 0942 0662 018 340 49.00 000 068 0040 0000 059.7 48.92 00014 00110110 00 00 00014 010\xff\x;B\xe7\x;00000000000000000000000000000000\xeb\x
00:54:14;220.7 49.8 230.1 49.8 0943 0646 018 341 49.00 000 068 0040 0000 069.1 48.92 00013 00110110 00 00 00014 010;B\xe7\x;00000000000000000000000000000000\xeb\x
00:54:29;222.5 49.9 230.0 49.9 0942 0646 018 341 49.00 000 068 0040 0000 076.4 48.92 00014 00110110 00 00 00009 010\x8b\x;B\xe7\x;00000000000000000000000000000000\xeb\x
00:54:44;219.7 50.0 230.2 50.0 0942 0654 018 340 49.00 000 068 0040 0000 056.4 48.92 00014 00110110 00 00 00009 010;B\xe7\x;00000000000000000000000000000000\xeb\x
00:54:59;224.9 50.0 229.8 50.0 0966 0660 019 340 49.00 000 068 0040 0000 072.6 48.92 00014 00110110 00 00 00009 010\xd;B\xe7\x;00000000000000000000000000000000\xeb\x
00:55:14;227.4 50.1 230.1 50.1 0943 0647 018 340 49.00 000 068 0040 0000 075.1 48.92 00013 00110110 00 00 00014 010\xe;B\xe7\x;00000000000000000000000000000000\xeb\x
00:55:29;223.2 50.2 230.0 50.0 0966 0663 019 340 49.00 000 068 0040 0000 052.2 48.92 00014 00110110 00 00 00014 010:\x;B\xe7\x;00000000000000000000000000000000\xeb\x
00:55:44;226.9 50.0 229.9 50.1 0943 0635 018 340 49.00 000 068 0040 0000 074.6 48.92 00013 00110110 00 00 00014 010\x89\x;B\xe7\x;00000000000000000000000000000000\xeb\x
00:55:59;223.5 50.1 230.0 50.0 0897 0592 017 341 49.00 000 068 0040 0000 071.4 49.00 00012 00110110 00 00 00014 010\xcd\x;B\xe7\x;00000000000000000000000000000000\xeb\x
00:56:14;226.0 50.1 229.8 50.1 0942 0635 018 341 49.00 000 068 0040 0000 058.1 49.00 00013 00110110 00 00 00014 010\x0b\x;B\xe7\x;00000000000000000000000000000000\xeb\x
00:56:29;000.0 00.0 229.9 49.9 0965 0652 019 340 49.00 000 068 0040 0000 073.9 48.92 00014 00110110 00 00 00009 010\xc;B\xe7\x;00000100000000000000000000000000\xfe\x
00:56:44;000.0 00.0 230.4 50.0 0921 0636 018 341 49.00 000 068 0040 0000 066.7 49.00 00013 00110110 00 00 00009 010;B\xe7\x;00000100000000000000000000000000\xfe\x
00:56:59;000.0 00.0 229.9 50.0 0919 0635 018 340 49.00 000 068 0040 0000 062.7 48.92 00013 00110110 00 00 00009 010\xeb\x;B\xe7\x;00000100000000000000000000000000\xfe\x
00:57:13;000.0 00.0 230.0 50.0 0943 0637 018 341 49.00 000 068 0040 0000 073.2 48.92 00013 00110110 00 00 00014 010n\x;B\xe7\x;00000100000000000000000000000000\xfe\x
00:57:28;000.0 00.0 230.2 50.0 0897 0606 017 341 49.00 000 068 0040 0000 063.9 48.92 00013 00110110 00 00 00014 0104\x;B\xe7\x;00000100000000000000000000000000\xfe\x
00:57:43;000.0 00.0 229.7 49.9 0918 0625 018 341 49.00 000 068 0040 0000 065.9 49.00 00013 00110110 00 00 00014 010C\x;B\xe7\x;00000100000000000000000000000000\xfe\x
00:57:58;000.0 00.0 230.1 50.0 0943 0631 018 340 49.00 000 068 0040 0000 072.7 48.92 00013 00110110 00 00 00009 010\xd;B\xe7\x;00000100000000000000000000000000\xfe\x
00:58:13;000.0 00.0 230.2 50.0 0920 0623 018 340 49.00 000 068 0040 0000 059.9 48.92 00013 00110110 00 00 00014 010\x93\x;B\xe7\x;00000000000000000000000000000000\xeb\x
00:58:28;230.3 50.2 229.8 50.2 0942 0652 018 341 49.00 000 068 0040 0000 069.9 48.92 00014 00110110 00 00 00014 010x\x;B\xe7\x;00000000000000000000000000000000\xeb\x
00:58:43;234.9 50.2 230.1 50.2 0918 0635 018 341 49.00 000 068 0040 0000 072.2 48.92 00013 00110110 00 00 00014 010\\\x;B\xe7\x;00000000000000000000000000000000\xeb\x
00:58:58;227.5 50.3 229.9 50.2 0919 0637 018 340 49.00 000 068 0040 0000 054.9 48.92 00013 00110110 00 00 00014 010;B\xe7\x;00000000000000000000000000000000\xeb\x
00:59:13;231.2 50.1 229.8 50.1 0896 0618 017 340 49.00 000 068 0040 0000 071.7 49.00 00013 00110110 00 00 00009 010\x8;B\xe7\x;00000000000000000000000000000000\xeb\x
00:59:28;227.9 50.2 230.0 50.1 0897 0608 017 341 49.00 000 068 0040 0000 071.4 48.92 00013 00110110 00 00 00009 010\xea\x;B\xe7\x;00000000000000000000000000000000\xeb\x
00:59:43;229.2 50.2 230.0 50.1 0897 0619 017 340 49.00 000 068 0040 0000 055.1 49.00 00013 00110110 00 00 00014 010\xe;B\xe7\x;00000000000000000000000000000000\xeb\x
00:59:58;231.4 50.2 229.9 50.2 0897 0605 017 341 49.00 000 068 0040 0000 070.6 49.00 00013 00110110 00 00 00014 010\xcc\x;B\xe7\x;00000000000000000000000000000000\xeb\x
01:00:13;229.3 50.2 229.8 50.2 0896 0616 017 341 49.00 000 068 0040 0000 062.6 49.00 00013 00110110 00 00 00014 010\x16\x;B\xe7\x;00000000000000000000000000000000\xeb\x
01:00:28;233.1 50.2 230.2 50.2 0874 0597 017 341 49.00 000 068 0040 0000 067.1 49.00 00012 00110110 00 00 00014 010\x9;B\xe7\x;00000000000000000000000000000000\xeb\x
01:00:43;229.1 50.3 230.0 50.1 0874 0601 017 341 49.00 000 068 0040 0000 070.1 48.92 00013 00110110 00 00 00009 010\xc;B\xe7\x;00000000000000000000000000000000\xeb\x
01:00:58;228.3 50.1 229.8 50.2 0896 0614 017 341 49.00 000 068 0040 0000 057.7 48.92 00013 00110110 00 00 00009 010:\x;B\xe7\x;00000000000000000000000000000000\xeb\x
01:01:13;228.3 50.3 230.1 50.2 0828 0622 016 340 49.00 000 068 0040 0000 070.6 48.92 00013 00110110 00 00 00009 010\x8e\x;B\xe7\x;00000000000000000000000000000000\xeb\x
01:01:28;226.8 50.3 229.9 50.2 0804 0607 016 340 49.00 000 068 0040 0000 060.6 49.00 00013 00110110 00 00 00014 010;B\xe7\x;00000100000000000000000000000000\xfe\x
01:01:43;000.0 00.0 229.8 50.0 0781 0584 015 340 49.00 000 068 0040 0000 068.9 49.00 00012 00110110 00 00 00014 010;B\xe7\x;00000100000000000000000000000000\xfe\x
01:01:58;000.0 00.0 230.1 50.0 0805 0606 016 340 49.00 000 068 0040 0000 075.6 49.00 00013 00110110 00 00 00014 010\x83\x;B\xe7\x;00000100000000000000000000000000\xfe\x
01:02:13;000.0 00.0 229.9 50.0 0804 0589 016 340 49.00 000 068 0040 0000 055.4 49.00 00012 00110110 00 00 00014 010\x19\x;B\xe7\x;00000100000000000000000000000000\xfe\x
01:02:28;000.0 00.0 230.0 50.0 0828 0631 016 340 49.00 000 068 0040 0000 074.6 48.92 00013 00110110 00 00 00009 010\xad\x;B\xe7\x;00000100000000000000000000000000\xfe\x
01:02:43;000.0 00.0 230.1 49.9 0852 0634 017 340 49.00 000 068 0040 0000 084.9 48.92 00013 00110110 00 00 00024 010\xb3\x;B\xe7\x;00000100000000000000000000000000\xfe\x
01:02:58;000.0 00.0 229.9 49.9 0850 0631 017 340 49.00 000 068 0040 0000 059.9 48.92 00013 00110110 00 00 00009 010z\x;B\xe7\x;00000100000000000000000000000000\xfe\x
01:03:13;000.0 00.0 230.1 49.9 0851 0638 017 340 48.90 000 067 0040 0000 088.1 48.92 00013 00110110 00 00 00019 010O\x;B\xe7\x;00000100000000000000000000000000\xfe\x
01:03:28;000.0 00.0 230.1 50.0 0828 0623 016 340 49.00 000 068 0039 0000 078.4 48.92 00013 00110110 00 00 00019 010\xaf\x;B\xe7\x;00000100000000000000000000000000\xfe\x
01:03:43;000.0 00.0 230.0 50.0 0827 0624 016 340 49.00 000 068 0039 0000 052.2 48.92 00013 00110110 00 00 00009 010\xd1\x;B\xe7\x;00000100000000000000000000000000\xfe\x
01:03:58;000.0 00.0 229.9 50.0 0873 0646 017 340 48.90 000 067 0039 0000 078.9 48.92 00013 00110110 00 00 00024 010;B\xe7\x;00000100000000000000000000000000\xfe\x
01:04:13;000.0 00.0 230.0 50.0 0874 0646 017 340 48.90 000 067 0039 0000 086.4 48.92 00013 00110110 00 00 00024 010\xe;B\xe7\x;00000100000000000000000000000000\xfe\x
01:04:28;000.0 00.0 229.9 49.9 0873 0654 017 340 48.90 000 067 0039 0000 086.9 48.92 00013 00110110 00 00 00024 010]\x;B\xe7\x;00000100000000000000000000000000\xfe\x
01:04:43;000.0 00.0 230.0 50.0 0874 0643 017 340 48.90 000 067 0039 0000 082.6 48.92 00013 00110110 00 00 00019 010\x06\x;B\xe7\x;00000100000000000000000000000000\xfe\x
01:04:57;000.0 00.0 229.9 50.0 0851 0638 017 340 48.90 000 067 0039 0000 068.9 48.92 00013 00110110 00 00 00014 010[\x;B\xe7\x;00000100000000000000000000000000\xfe\x
01:05:12;000.0 00.0 230.1 50.0 0851 0636 017 340 48.90 000 067 0039 0000 061.4 48.92 00014 00110110 00 00 00014 010Y\x;B\xe7\x;00000100000000000000000000000000\xfe\x
01:05:27;000.0 00.0 230.1 49.9 0828 0628 016 340 48.90 000 067 0039 0000 073.1 48.92 00013 00110110 00 00 00009 010\xcf\x;B\xe7\x;00000100000000000000000000000000\xfe\x
01:05:42;000.0 00.0 229.6 50.0 0872 0673 017 340 48.90 000 067 0039 0000 063.7 48.92 00013 00110110 00 00 00014 010\xe;B\xe7\x;00000100000000000000000000000000\xfe\x
01:05:57;000.0 00.0 230.1 49.9 0828 0622 016 340 48.90 000 067 0039 0000 065.9 48.92 00013 00110110 00 00 00014 010\xa9\x;B\xe7\x;00000100000000000000000000000000\xfe\x
01:06:12;000.0 00.0 230.1 50.0 0851 0637 017 340 48.90 000 067 0039 0000 068.4 48.92 00013 00110110 00 00 00014 010&\x;B\xe7\x;00000100000000000000000000000000\xfe\x
01:06:27;000.0 00.0 230.1 50.0 0851 0633 017 340 48.90 000 067 0039 0000 057.7 48.92 00013 00110110 00 00 00009 010\xbf\x;B\xe7\x;00000100000000000000000000000000\xfe\x
01:06:42;000.0 00.0 230.0 50.0 0851 0632 017 340 48.90 000 067 0039 0000 066.4 48.92 00013 00110110 00 00 00014 010\x1b\x;B\xe7\x;00000100000000000000000000000000\xfe\x
01:06:57;000.0 00.0 230.0 50.0 0851 0634 017 340 48.90 000 067 0039 0000 059.1 48.92 00013 00110110 00 00 00014 010O\x;B\xe7\x;00000100000000000000000000000000\xfe\x
01:07:12;000.0 00.0 230.0 50.0 0851 0628 017 340 48.90 000 067 0039 0000 065.4 48.92 00013 00110110 00 00 00009 010;B\xe7\x;00000100000000000000000000000000\xfe\x
01:07:27;000.0 00.0 229.9 50.0 0828 0620 016 340 48.90 000 067 0039 0000 064.6 48.92 00013 00110110 00 00 00014 010s\x;B\xe7\x;00000100000000000000000000000000\xfe\x
01:07:42;000.0 00.0 229.9 50.0 0827 0629 016 340 48.90 000 067 0039 0000 064.1 48.92 00013 00110110 00 00 00014 010;B\xe7\x;00000100000000000000000000000000\xfe\x
01:07:57;000.0 00.0 230.0 50.0 0851 0631 017 340 48.90 000 067 0039 0000 064.6 48.92 00013 00110110 00 00 00014 010;B\xe7\x;00000100000000000000000000000000\xfe\x
01:08:12;000.0 00.0 229.8 50.0 0850 0646 017 340 48.90 000 067 0039 0000 059.9 48.92 00013 00110110 00 00 00014 010\x00;B\xe7\x;00000100000000000000000000000000\xfe\x
01:08:27;000.0 00.0 230.2 50.0 0828 0636 016 340 48.90 000 067 0039 0000 064.1 48.92 00013 00110110 00 00 00014 010\xf4\x;B\xe7\x;00000100000000000000000000000000\xfe\x
01:08:42;000.0 00.0 230.2 50.0 0851 0642 017 340 48.90 000 067 0039 0000 052.9 48.92 00014 00110110 00 00 00009 010\xd;B\xe7\x;00000100000000000000000000000000\xfe\x
01:08:57;000.0 00.0 230.1 50.0 0828 0629 016 340 48.90 000 067 0039 0000 063.9 48.92 00013 00110110 00 00 00009 010}\x;B\xe7\x;00000100000000000000000000000000\xfe\x
01:09:12;000.0 00.0 229.8 50.0 0828 0627 016 340 48.90 000 067 0039 0000 059.6 48.92 00013 00110110 00 00 00014 010f\x;B\xe7\x;00000100000000000000000000000000\xfe\x
01:09:27;000.0 00.0 230.0 49.9 0828 0628 016 340 48.90 000 067 0039 0000 064.1 48.92 00013 00110110 00 00 00014 010\x91\x;B\xe7\x;00000100000000000000000000000000\xfe\x
01:09:42;000.0 00.0 230.0 50.0 0851 0639 017 340 48.90 000 067 0039 0000 064.1 48.84 00013 00110110 00 00 00014 010\x92\x;B\xe7\x;00000100000000000000000000000000\xfe\x
01:09:57;000.0 00.0 230.1 50.0 0828 0624 016 340 48.90 000 067 0039 0000 063.4 48.92 00013 00110110 00 00 00009 010@\x;B\xe7\x;00000100000000000000000000000000\xfe\x
01:10:12;000.0 00.0 229.8 50.0 0851 0629 017 340 48.90 000 067 0039 0000 063.9 48.92 00013 00110110 00 00 00009 010B\x;B\xe7\x;00000100000000000000000000000000\xfe\x
01:10:27;000.0 00.0 230.0 50.0 0850 0644 017 340 48.90 000 067 0039 0000 060.1 48.92 00014 00110110 00 00 00009 010;B\xe7\x;00000100000000000000000000000000\xfe\x
01:10:42;000.0 00.0 230.0 50.0 0851 0632 017 340 48.90 000 067 0039 0000 063.7 48.92 00013 00110110 00 00 00009 010&\x;B\xe7\x;00000100000000000000000000000000\xfe\x
01:10:57;000.0 00.0 230.0 50.0 0828 0626 016 340 48.90 000 067 0039 0000 052.2 48.92 00013 00110110 00 00 00009 010\xf;B\xe7\x;00000100000000000000000000000000\xfe\x
01:11:12;000.0 00.0 229.9 50.0 0873 0657 017 339 48.90 000 067 0039 0000 063.6 48.92 00014 00110110 00 00 00014 010=\x;B\xe7\x;00000100000000000000000000000000\xfe\x
01:11:27;000.0 00.0 229.9 50.0 0828 0630 016 340 48.90 000 067 0039 0000 058.9 48.92 00013 00110110 00 00 00009 010\x1b\x;B\xe7\x;00000100000000000000000000000000\xfe\x
01:11:42;000.0 00.0 229.3 50.0 0871 0674 017 339 48.90 000 067 0039 0000 063.4 48.92 00013 00110110 00 00 00009 010\xc;B\xe7\x;00000100000000000000000000000000\xfe\x
01:11:57;000.0 00.0 229.9 50.0 0851 0638 017 339 48.90 000 067 0039 0000 062.2 48.92 00013 00110110 00 00 00009 010S\x;B\xe7\x;00000100000000000000000000000000\xfe\x
01:12:12;000.0 00.0 230.1 50.0 0851 0628 017 340 48.90 000 067 0039 0000 063.2 48.84 00013 00110110 00 00 00009 010;B\xe7\x;00000100000000000000000000000000\xfe\x
01:12:27;000.0 00.0 229.9 50.0 0850 0639 017 339 48.90 000 067 0039 0000 063.2 48.92 00013 00110110 00 00 00009 010\xc0\x;B\xe7\x;00000100000000000000000000000000\xfe\x
01:12:41;000.0 00.0 229.9 50.0 0828 0632 016 339 48.90 000 067 0039 0000 063.1 48.92 00013 00110110 00 00 00014 010\xcb\x;B\xe7\x;00000100000000000000000000000000\xfe\x
01:12:56;000.0 00.0 230.0 50.0 0828 0630 016 340 48.90 000 067 0039 0000 063.1 48.92 00013 00110110 00 00 00014 010m\x;B\xe7\x;00000100000000000000000000000000\xfe\x
01:13:11;000.0 00.0 229.2 50.0 0851 0654 017 339 48.90 000 067 0039 0000 059.7 48.84 00014 00110110 00 00 00009 010|\x;B\xe7\x;00000100000000000000000000000000\xfe\x
01:13:26;000.0 00.0 230.2 50.0 0828 0618 016 340 48.90 000 067 0039 0000 062.9 48.92 00013 00110110 00 00 00014 010\xc9\x;B\xe7\x;00000100000000000000000000000000\xfe\x
01:13:41;000.0 00.0 229.7 50.0 0849 0642 016 340 48.90 000 067 0039 0000 055.4 48.84 00013 00110110 00 00 00014 010\xb;B\xe7\x;00000100000000000000000000000000\xfe\x
01:13:56;000.0 00.0 229.9 50.0 0850 0638 017 340 48.90 000 067 0039 0000 063.2 48.84 00013 00110110 00 00 00009 010\xa6\x;B\xe7\x;00000100000000000000000000000000\xfe\x
01:14:11;000.0 00.0 230.0 50.0 0828 0626 016 340 48.90 000 067 0039 0000 058.1 48.92 00013 00110110 00 00 00009 010\x0;B\xe7\x;00000100000000000000000000000000\xfe\x
01:14:26;000.0 00.0 230.1 50.0 0828 0628 016 339 48.90 000 067 0039 0000 063.6 48.84 00013 00110110 00 00 00014 010\xb4\x;B\xe7\x;00000100000000000000000000000000\xfe\x
01:14:41;000.0 00.0 230.3 50.0 0829 0620 016 340 48.90 000 067 0039 0000 062.4 48.84 00013 00110110 00 00 00009 010\x9a\x;B\xe7\x;00000100000000000000000000000000\xfe\x
01:14:56;000.0 00.0 230.2 49.9 0828 0618 016 340 48.90 000 067 0039 0000 064.1 48.84 00013 00110110 00 00 00014 010;B\xe7\x;00000100000000000000000000000000\xfe\x
01:15:11;000.0 00.0 230.3 50.0 0828 0630 016 339 48.90 000 067 0039 0000 064.2 48.84 00013 00110110 00 00 00014 010\x02\x;B\xe7\x;00000100000000000000000000000000\xfe\x
01:15:26;000.0 00.0 230.0 50.0 0828 0627 016 340 48.90 000 067 0039 0000 062.7 48.92 00013 00110110 00 00 00014 010\xe;B\xe7\x;00000100000000000000000000000000\xfe\x
01:15:41;000.0 00.0 229.9 50.0 0874 0647 017 339 48.90 000 067 0039 0000 064.4 48.84 00013 00110110 00 00 00009 010c\x;B\xe7\x;00000100000000000000000000000000\xfe\x
01:15:56;000.0 00.0 230.1 50.0 0805 0619 016 340 48.90 000 067 0039 0000 057.7 48.84 00013 00110110 00 00 00014 010P\x;B\xe7\x;00000100000000000000000000000000\xfe\x
01:16:11;000.0 00.0 230.0 50.0 0941 0778 018 338 48.80 000 066 0039 0000 064.6 48.76 00016 00110110 00 00 00014 010\x03\x;B\xe7\x;00000100000000000000000000000000\xfe\x
01:16:26;000.0 00.0 230.0 49.9 0897 0739 017 339 48.80 000 066 0039 0000 057.4 48.76 00016 00110110 00 00 00009 010\xf2\x;B\xe7\x;00000100000000000000000000000000\xfe\x
01:16:41;000.0 00.0 229.8 49.9 0943 0761 018 338 48.80 000 066 0039 0000 065.4 48.76 00016 00110110 00 00 00014 010:\x;B\xe7\x;00000100000000000000000000000000\xfe\x
01:16:56;000.0 00.0 230.0 50.0 0897 0730 017 338 48.80 000 066 0039 0000 064.1 48.76 00015 00110110 00 00 00014 010\xd1\x;B\xe7\x;00000100000000000000000000000000\xfe\x
01:17:11;000.0 00.0 230.2 50.0 0897 0723 017 339 48.80 000 066 0039 0000 064.9 48.76 00015 00110110 00 00 00009 010;B\xe7\x;00000100000000000000000000000000\xfe\x
01:17:26;000.0 00.0 230.0 50.0 0897 0722 017 339 48.80 000 066 0039 0000 067.2 48.76 00015 00110110 00 00 00014 010\xb6\x;B\xe7\x;00000100000000000000000000000000\xfe\x
01:17:41;000.0 00.0 229.9 49.9 0965 0781 019 338 48.80 000 066 0039 0000 057.4 48.76 00016 00110110 00 00 00014 010q\x;B\xe7\x;00000100000000000000000000000000\xfe\x
01:17:56;000.0 00.0 230.0 50.0 0897 0721 017 339 48.80 000 066 0039 0000 068.9 48.76 00015 00110110 00 00 00014 010@\x;B\xe7\x;00000100000000000000000000000000\xfe\x
01:18:11;000.0 00.0 229.9 50.0 0919 0735 018 339 48.80 000 066 0039 0000 058.1 48.76 00015 00110110 00 00 00014 010n\x;B\xe7\x;00000100000000000000000000000000\xfe\x
01:18:26;000.0 00.0 230.0 50.0 0897 0728 017 339 48.80 000 066 0039 0000 070.4 48.84 00015 00110110 00 00 00009 010\x1c\x;B\xe7\x;00000100000000000000000000000000\xfe\x
01:18:41;000.0 00.0 230.1 50.0 0897 0717 017 339 48.80 000 066 0039 0000 074.4 48.84 00015 00110110 00 00 00014 010\x8;B\xe7\x;00000100000000000000000000000000\xfe\x
01:18:56;000.0 00.0 230.0 50.0 0874 0718 017 339 48.80 000 066 0039 0000 053.8 48.76 00015 00110110 00 00 00009 010\x9;B\xe7\x;00000100000000000000000000000000\xfe\x
01:19:11;000.0 00.0 230.0 50.0 0989 0793 019 338 48.80 000 066 0039 0000 074.9 48.76 00017 00110110 00 00 00014 010\x1;B\xe7\x;00000100000000000000000000000000\xfe\x
01:19:26;000.0 00.0 229.7 50.0 0987 0819 019 338 48.80 000 078 0039 0000 076.9 48.76 00017 00110110 00 00 00014 010\xdc\x;B\xe7\x;00000100000000000000000000000000\xfe\x
01:19:41;000.0 00.0 229.8 50.0 0942 0771 018 338 48.80 000 066 0039 0000 052.4 48.76 00016 00110110 00 00 00014 010\xf;B\xe7\x;00000100000000000000000000000000\xfe\x
01:19:56;000.0 00.0 229.8 50.0 0965 0782 019 338 48.80 000 066 0039 0000 078.6 48.76 00016 00110110 00 00 00019 010\xe3\x;B\xe7\x;00000100000000000000000000000000\xfe\x
                                                                                                                                                                                                                                                                                                                                            01:17:46;device reports readiness to read but returned no data (device disconnected or multiple access on port?)
