17:33:10;commande : QFLAG; resultat = b'(NAKss\r';
17:56:00;commande : QFLAG; resultat = b'(NAKss\r';
17:56:56;commande : QFLAG; resultat = b'(EakvxyDbjuz\x12e\r';
18:02:18;commande : QPIRI; resultat = b'(230.0 21.7 230.0 50.0 21.7 5000 5000 48.0 46.0 40.8 56.4 54.0 0 30 080 1 2 2 9 01 0 0 00.0 0 1 000qf\r';
18:25:28;commande : QPIRI; resultat = b'(230.0 21.7 230.0 50.0 21.7 5000 5000 48.0 46.0 40.8 56.4 54.0 0 30 080 1 2 2 9 01 0 0 00.0 0 1 000qf\r';
18:27:59;commande : QPIRI; resultat = b'(230.0 21.7 230.0 50.0 21.7 5000 5000 48.0 46.0 40.8 56.4 54.0 0 30 080 1 2 2 9 01 0 0 00.0 0 1 000qf\r';
18:29:03;commande : QPIRI; resultat = b'(230.0 21.7 230.0 50.0 21.7 5000 5000 48.0 46.0 40.8 56.4 54.0 0 30 080 1 2 2 9 01 0 0 00.0 0 1 000qf\r';
18:45:35;commande : QPIGS; resultat = b'(211.7 50.2 229.8 50.3 1011 0891 020 333 48.10 000 071 0041 0000 000.0 00.00 00019 00010000 00 00 00000 010\xcdy\r';
18:47:59;commande : QPIGS; resultat = b'(210.5 50.2 230.0 50.2 0966 0849 019 333 48.10 000 059 0041 0000 000.0 00.00 00019 00010000 00 00 00000 010\xad\xb3\r';
18:48:51;commande : QPIGS; resultat = b'(211.0 50.2 229.8 50.3 1104 0944 022 333 48.10 000 071 0041 0000 000.0 00.00 00021 00010000 00 00 00000 010y?\r';
19:18:09;EakvxyDbjuz\x1213.2 50.3 229.9 50.2 0965 0843 019 334 48.10 000 059 0041 0001 096.9 48.06 00017 00110110 00 00 00067 010\xfB\xe7\x00000000000000000000000000000000\xeb\x
19:18:38;EakvxyDbjuz\x1216.4 50.2 230.0 50.2 0897 0787 017 334 48.10 000 059 0041 0001 091.4 48.06 00016 00110110 00 00 00062 010\x05\xB\xe7\x00000000000000000000000000000000\xeb\x
19:19:07;EakvxyDbjuz\x1213.8 50.4 229.9 50.2 0873 0758 017 334 48.10 000 059 0041 0001 093.2 48.06 00015 00110110 00 00 00062 010\x9B\xe7\x00000000000000000000000000000000\xeb\x
19:19:35;EakvxyDbjuz\x1214.3 50.2 230.3 50.3 0898 0792 017 334 48.10 000 059 0041 0001 094.1 48.06 00016 00110110 00 00 00057 010\x9B\xe7\x00000000000000000000000000000000\xeb\x
19:20:04;EakvxyDbjuz\x1215.4 50.3 229.7 50.3 0918 0810 018 333 48.10 000 059 0041 0001 082.4 48.06 00016 00110110 00 00 00052 010\x8f\xB\xe7\x00000000000000000000000000000000\xeb\x
19:20:33;EakvxyDbjuz\x1215.2 50.4 230.1 50.4 0897 0768 017 333 48.10 000 059 0041 0001 075.7 48.06 00016 00110110 00 00 00048 010\xe2\xB\xe7\x00000000000000000000000000000000\xeb\x
19:21:01;EakvxyDbjuz\x1215.6 50.4 230.0 50.2 0828 0720 016 334 48.20 000 060 0041 0001 088.7 48.14 00015 00110110 00 00 00052 010B\xe7\x00000000000000000000000000000000\xeb\x
19:21:30;EakvxyDbjuz\x1217.3 50.3 229.9 50.3 0827 0728 016 333 48.10 000 059 0041 0001 091.4 48.14 00015 00110110 00 00 00052 010\x1B\xe7\x00000000000000000000000000000000\xeb\x
19:21:59;EakvxyDbjuz\x1220.1 50.2 230.2 50.3 0828 0726 016 334 48.10 000 059 0041 0001 093.9 48.14 00015 00110110 00 00 00057 0105\xB\xe7\x00000000000000000000000000000000\xeb\x
19:22:27;EakvxyDbjuz\x1221.5 50.3 230.0 50.3 0782 0667 015 334 48.20 000 060 0041 0001 092.2 48.14 00014 00110110 00 00 00052 010\x0B\xe7\x00000000000000000000000000000000\xeb\x
19:36:45;EakvxyDbjuz\x1;222.9 50.2 230.0 50.2 0759 0664 015 334 48.10 000 059 0041 0000 095.6 48.06 00014 00110110 00 00 00028 010\x9b\x;B\xe7\x;00000000000000000000000000000000\xeb\x
19:37:07;EakvxyDbjuz\x1;222.3 50.1 229.9 50.2 0781 0666 015 334 48.10 000 059 0041 0000 086.7 48.06 00014 00110110 00 00 00028 010%\x;B\xe7\x;00000000000000000000000000000000\xeb\x
19:37:30;EakvxyDbjuz\x1;221.4 50.2 230.1 50.1 0736 0634 014 334 48.20 000 060 0041 0000 097.6 48.06 00013 00110110 00 00 00028 010;B\xe7\x;00000000000000000000000000000000\xeb\x
19:37:52;EakvxyDbjuz\x1;222.3 50.1 229.9 50.2 0782 0679 015 334 48.10 000 059 0041 0000 096.7 48.06 00014 00110110 00 00 00024 010\xc;B\xe7\x;00000000000000000000000000000000\xeb\x
19:38:15;EakvxyDbjuz\x1;222.6 50.2 230.1 50.2 0735 0645 014 334 48.10 000 059 0041 0000 074.4 48.06 00013 00110110 00 00 00024 010\xc;B\xe7\x;00000000000000000000000000000000\xeb\x
19:38:37;EakvxyDbjuz\x1;222.4 50.2 230.0 50.2 0758 0665 015 334 48.10 000 059 0041 0000 078.7 48.06 00014 00110110 00 00 00019 010;B\xe7\x;00000000000000000000000000000000\xeb\x
19:39:00;EakvxyDbjuz\x1;221.9 50.2 229.8 50.3 0759 0664 015 334 48.10 000 059 0041 0000 078.1 48.06 00014 00110110 00 00 00024 010\x9f\x;B\xe7\x;00000000000000000000000000000000\xeb\x
19:39:23;EakvxyDbjuz\x1;219.1 50.3 229.8 50.3 0781 0671 015 334 48.10 000 059 0041 0000 077.4 48.06 00014 00110110 00 00 00024 010M\x;B\xe7\x;00000000000000000000000000000000\xeb\x
19:39:45;EakvxyDbjuz\x1;224.0 50.2 230.2 50.3 0736 0642 014 334 48.10 000 059 0041 0000 075.6 48.06 00013 00110110 00 00 00024 010\xad\x;B\xe7\x;00000000000000000000000000000000\xeb\x
19:40:08;EakvxyDbjuz\x1;222.4 50.3 230.0 50.3 0758 0665 015 334 48.10 000 059 0041 0000 078.7 48.06 00014 00110110 00 00 00019 010q\x;B\xe7\x;00000000000000000000000000000000\xeb\x
19:52:50;230.0 50.3 229.8 50.3 0781 0685 015 333 48.00 000 058 0041 0000 064.4 48.06 00014 00110110 00 00 00014 010\xe;B\xe7\x;00000000000000000000000000000000\xeb\x
19:53:29;232.2 50.3 229.8 50.3 0758 0669 015 333 48.00 000 058 0041 0000 063.9 47.98 00014 00110110 00 00 00009 010{\x;B\xe7\x;00000000000000000000000000000000\xeb\x
19:54:09;231.5 50.3 230.1 50.3 0713 0623 014 333 48.10 000 059 0041 0000 062.7 47.98 00013 00110110 00 00 00014 010l\x;B\xe7\x;00000000000000000000000000000000\xeb\x
19:54:48;231.5 50.3 230.0 50.3 0713 0632 014 333 48.10 000 059 0041 0000 055.6 47.98 00013 00110110 00 00 00014 010\xa3\x;;NAK
19:59:51;228.2 50.2 230.1 50.2 0805 0748 016 332 47.90 000 057 0041 0000 060.6 47.90 00016 00110110 00 00 00014 010\xd6\x;B\xe7\x;00000000000000000000000000000000\xeb\x
20:01:51;227.3 50.3 230.1 50.2 0828 0748 016 332 47.90 000 057 0041 0000 059.9 47.90 00016 00110110 00 00 00014 010\xea\x;B\xe7\x;00000000000000000000000000000000\xeb\x
20:05:29;224.3 50.3 230.1 50.3 2370 2367 047 322 46.90 000 059 0043 0000 057.9 46.88 00054 00110110 00 00 00014 010\x1b\x;B\xe7\x;00000000000000000000000000000000\xeb\x
20:06:09;221.3 50.3 230.0 50.3 2415 2397 048 320 46.80 000 058 0043 0000 057.7 46.80 00055 00110110 00 00 00009 010\x9;B\xe7\x;00000000000000000000000000000000\xeb\x
20:14:48;234.1 50.1 230.1 50.1 0966 0841 019 331 47.80 000 056 0042 0000 052.1 47.75 00018 00110110 00 00 00014 010\xe4\x;B\xe7\x;00000000000000000000000000000000\xeb\x
20:15:46;232.5 50.1 230.0 50.1 0943 0821 018 331 47.80 000 056 0041 0000 051.9 47.75 00018 00110110 00 00 00009 010\x87\x;B\xe7\x;00000000000000000000000000000000\xeb\x
20:16:26;228.6 50.1 230.1 50.1 0943 0818 018 331 47.80 000 056 0041 0000 066.9 47.75 00018 00110110 00 00 00009 010\xc;B\xe7\x;00000000000000000000000000000000\xeb\x
20:17:05;229.4 50.0 229.9 50.0 0942 0824 018 331 47.80 000 056 0041 0000 051.3 47.75 00018 00110110 00 00 00014 0102\x;B\xe7\x;00000000000000000000000000000000\xeb\x
20:17:45;229.8 50.0 229.9 50.0 0942 0819 018 331 47.80 000 056 0041 0000 051.1 47.75 00018 00110110 00 00 00014 010\xc;B\xe7\x;00000000000000000000000000000000\xeb\x
20:18:25;230.4 49.7 230.1 49.7 0943 0818 018 331 47.80 000 056 0041 0000 050.9 47.75 00018 00110110 00 00 00014 010\xc;B\xe7\x;00000000000000000000000000000000\xeb\x
20:19:04;230.9 49.5 229.9 49.5 0942 0819 018 331 47.80 000 056 0041 0000 051.8 47.75 00018 00110110 00 00 00014 010\xaf\x;B\xe7\x;00000000000000000000000000000000\xeb\x
20:19:44;231.3 49.4 229.8 49.4 0942 0821 018 331 47.80 000 056 0041 0000 050.6 47.75 00018 00110110 00 00 00009 010\xcf\x;B\xe7\x;00000000000000000000000000000000\xeb\x
20:20:24;230.9 49.2 230.0 49.1 0943 0817 018 331 47.80 000 056 0041 0000 050.9 47.75 00018 00110110 00 00 00009 010;B\xe7\x;00000000000000000000000000000000\xeb\x
20:21:04;230.8 49.1 230.0 49.1 0943 0824 018 331 47.80 000 056 0041 0000 051.1 47.75 00018 00110110 00 00 00014 010\t\x;B\xe7\x;00000000000000000000000000000000\xeb\x
20:21:43;229.9 49.2 229.9 49.2 0942 0834 018 331 47.80 000 056 0041 0000 049.6 47.75 00018 00110000 00 00 00000 010\xde\x;B\xe7\x;00000000000000000000000000000000\xeb\x
20:22:23;226.8 49.2 229.9 49.2 0942 0820 018 331 47.80 000 056 0041 0000 045.9 47.75 00018 00110000 00 00 00000 0109\x;B\xe7\x;00000000000000000000000000000000\xeb\x
20:23:03;226.2 49.6 230.0 49.6 1058 0924 021 330 47.70 000 067 0041 0000 000.0 00.00 00020 00010000 00 00 00000 010\xce\x;B\xe7\x;00000000000000000000000000000000\xeb\x
20:23:43;226.7 49.7 230.2 49.7 1058 0927 021 330 47.70 000 067 0041 0000 000.0 00.00 00020 00010000 00 00 00000 010\xd2;B\xe7\x;00000000000000000000000000000000\xeb\x
20:24:22;228.7 49.8 230.0 49.9 1081 0929 021 330 47.70 000 067 0041 0000 000.0 00.00 00021 00010000 00 00 00000 010\xc4\x;B\xe7\x;00000000000000000000000000000000\xeb\x
20:25:01;222.4 50.1 230.0 50.0 1104 0941 022 330 47.70 000 067 0041 0000 000.0 00.00 00021 00010000 00 00 00000 010\x1b\x;B\xe7\x;00000000000000000000000000000000\xeb\x
20:25:41;222.3 50.2 230.1 50.0 1104 0941 022 330 47.70 000 067 0041 0000 000.0 00.00 00021 00010000 00 00 00000 010\xf;B\xe7\x;00000000000000000000000000000000\xeb\x
20:26:20;217.4 50.1 229.9 50.2 1035 0891 020 330 47.70 000 067 0041 0000 000.0 00.00 00020 00010000 00 00 00000 010\xc;B\xe7\x;00000000000000000000000000000000\xeb\x
20:27:00;223.9 50.1 229.8 50.2 1034 0909 020 330 47.70 000 067 0041 0000 000.0 00.00 00020 00010000 00 00 00000 010\xd0\x;B\xe7\x;00000000000000000000000000000000\xeb\x
20:27:40;219.0 50.2 230.0 50.1 1080 0944 021 330 47.60 000 066 0041 0000 000.0 00.00 00021 00010000 00 00 00000 0108\x;B\xe7\x;00000000000000000000000000000000\xeb\x
20:28:19;223.2 50.0 230.1 50.1 1103 0961 022 330 47.60 000 066 0041 0000 000.0 00.00 00021 00010000 00 00 00000 010\xf1\x;B\xe7\x;00000000000000000000000000000000\xeb\x
20:28:59;214.6 50.3 229.9 50.0 0988 0870 019 330 47.70 000 055 0041 0000 000.0 00.00 00019 00010000 00 00 00000 010E\x;B\xe7\x;00000000000000000000000000000000\xeb\x
20:29:38;219.7 50.3 230.0 50.1 1035 0899 020 330 47.70 000 067 0041 0000 000.0 00.00 00020 00010000 00 00 00000 010\x9e\x;B\xe7\x;00000000000000000000000000000000\xeb\x
20:30:17;225.1 50.1 230.1 50.1 0966 0847 019 330 47.70 000 055 0041 0000 000.0 00.00 00019 00010000 00 00 00000 010\x81\x;B\xe7\x;00000000000000000000000000000000\xeb\x
20:30:57;226.4 50.0 230.0 50.0 0989 0880 019 330 47.70 000 055 0041 0000 000.0 00.00 00019 00010000 00 00 00000 010\x95\x;B\xe7\x;00000000000000000000000000000000\xeb\x
20:31:36;226.6 50.1 230.1 50.1 0965 0847 019 330 47.70 000 055 0041 0000 000.0 00.00 00019 00010000 00 00 00000 010O\x;B\xe7\x;00000000000000000000000000000000\xeb\x
20:32:16;224.5 50.1 230.0 50.1 0943 0851 018 330 47.70 000 055 0041 0000 000.0 00.00 00018 00010000 00 00 00000 010<\x;B\xe7\x;00000000000000000000000000000000\xeb\x
20:32:55;224.2 50.0 230.0 50.0 0943 0842 018 330 47.60 000 054 0041 0000 000.0 00.00 00019 00010000 00 00 00000 010\x8f\x;B\xe7\x;00000000000000000000000000000000\xeb\x
20:33:35;224.2 50.0 230.0 50.0 0943 0828 018 330 47.60 000 054 0041 0000 000.0 00.00 00018 00010000 00 00 00000 010\xd;B\xe7\x;00000000000000000000000000000000\xeb\x
20:34:14;221.5 50.0 230.0 50.0 0943 0839 018 330 47.70 000 055 0041 0000 000.0 00.00 00019 00010000 00 00 00000 010\xe;B\xe7\x;00000000000000000000000000000000\xeb\x
20:34:54;219.0 50.0 230.0 50.0 1035 0926 020 330 47.60 000 066 0041 0000 000.0 00.00 00021 00010000 00 00 00000 010\xa9\x;B\xe7\x;00000000000000000000000000000000\xeb\x
20:35:33;216.1 50.0 230.2 50.0 1103 0985 022 329 47.60 000 066 0041 0000 000.0 00.00 00022 00010000 00 00 00000 010\xf;B\xe7\x;00000000000000000000000000000000\xeb\x
20:36:13;220.9 49.9 230.0 49.9 1104 0981 022 329 47.60 000 066 0041 0000 000.0 00.00 00022 00010000 00 00 00000 010;B\xe7\x;00000000000000000000000000000000\xeb\x
20:36:52;220.8 49.7 230.0 49.7 1104 0984 022 329 47.60 000 066 0041 0000 000.0 00.00 00022 00010000 00 00 00000 010\x1;B\xe7\x;00000000000000000000000000000000\xeb\x
20:37:32;218.1 49.4 229.9 49.4 1103 0997 022 329 47.60 000 066 0041 0000 000.0 00.00 00022 00010000 00 00 00000 010\x8;B\xe7\x;00000000000000000000000000000000\xeb\x
20:38:11;216.4 49.3 230.0 49.3 1058 0946 021 329 47.60 000 066 0041 0000 000.0 00.00 00021 00010000 00 00 00000 010;B\xe7\x;00000000000000000000000000000000\xeb\x
20:38:50;216.3 49.1 230.0 49.2 1058 0945 021 329 47.60 000 066 0041 0000 000.0 00.00 00021 00010000 00 00 00000 010\xc;B\xe7\x;00000000000000000000000000000000\xeb\x
20:39:30;216.1 49.0 230.1 49.0 1035 0928 020 329 47.60 000 066 0041 0000 000.0 00.00 00021 00010000 00 00 00000 010b\x;B\xe7\x;00000000000000000000000000000000\xeb\x
20:40:09;217.4 49.0 230.0 49.0 1058 0937 021 329 47.60 000 066 0041 0000 000.0 00.00 00021 00010000 00 00 00000 010\x9;B\xe7\x;00000000000000000000000000000000\xeb\x
20:40:49;218.1 49.1 230.1 49.1 1035 0926 020 329 47.60 000 066 0041 0000 000.0 00.00 00021 00010000 00 00 00000 010\x1;B\xe7\x;00000000000000000000000000000000\xeb\x
20:41:28;215.8 49.2 229.8 49.2 1080 0965 021 329 47.50 000 065 0041 0000 000.0 00.00 00021 00010000 00 00 00000 010\xe;B\xe7\x;00000000000000000000000000000000\xeb\x
20:42:08;216.9 49.5 229.9 49.5 1057 0961 021 329 47.60 000 066 0041 0000 000.0 00.00 00021 00010000 00 00 00000 010\xad\x;B\xe7\x;00000000000000000000000000000000\xeb\x
20:42:47;218.4 49.7 230.0 49.7 1034 0937 020 329 47.60 000 066 0041 0000 000.0 00.00 00021 00010000 00 00 00000 010\x7;B\xe7\x;00000000000000000000000000000000\xeb\x
20:43:27;218.5 49.7 229.8 49.7 1035 0939 020 329 47.60 000 066 0041 0000 000.0 00.00 00021 00010000 00 00 00000 010\xc;B\xe7\x;00000000000000000000000000000000\xeb\x
20:44:06;218.4 49.8 229.9 49.8 1057 0966 021 329 47.50 000 065 0041 0000 000.0 00.00 00021 00010000 00 00 00000 010\xf;B\xe7\x;00000000000000000000000000000000\xeb\x
20:44:46;218.0 49.8 230.0 49.8 1127 0994 022 329 47.50 000 065 0041 0000 000.0 00.00 00022 00010000 00 00 00000 010\xf;B\xe7\x;00000000000000000000000000000000\xeb\x
20:45:25;218.9 49.9 230.1 49.9 1174 1030 023 328 47.50 000 065 0041 0000 000.0 00.00 00023 00010000 00 00 00000 010\x8f\x;B\xe7\x;00000000000000000000000000000000\xeb\x
20:46:05;219.3 50.0 229.8 50.1 1194 1059 023 328 47.50 000 065 0041 0000 000.0 00.00 00023 00010000 00 00 00000 010\xf;B\xe7\x;00000000000000000000000000000000\xeb\x
20:46:44;220.7 50.0 230.0 50.1 1173 1041 023 328 47.50 000 065 0041 0000 000.0 00.00 00023 00010000 00 00 00000 010\xe;B\xe7\x;00000000000000000000000000000000\xeb\x
20:47:24;223.1 50.1 230.0 50.1 1150 1020 023 328 47.50 000 065 0041 0000 000.0 00.00 00023 00010000 00 00 00000 010\x15\x;B\xe7\x;00000000000000000000000000000000\xeb\x
20:48:03;219.3 50.1 230.1 50.1 1173 1026 023 329 47.50 000 065 0041 0000 000.0 00.00 00023 00010000 00 00 00000 010\x1;B\xe7\x;00000000000000000000000000000000\xeb\x
20:48:43;220.9 50.1 229.9 50.2 1149 1024 022 328 47.50 000 065 0041 0000 000.0 00.00 00023 00010000 00 00 00000 010\x1f\x;B\xe7\x;00000000000000000000000000000000\xeb\x
20:49:22;221.9 50.1 230.1 50.1 1150 1017 023 328 47.50 000 065 0041 0000 000.0 00.00 00023 00010000 00 00 00000 010/\x;B\xe7\x;00000000000000000000000000000000\xeb\x
20:50:02;222.9 50.1 229.9 50.1 1149 1020 022 328 47.50 000 065 0041 0000 000.0 00.00 00023 00010000 00 00 00000 010\xd6\x;B\xe7\x;00000000000000000000000000000000\xeb\x
20:50:41;221.0 50.1 230.0 50.1 1150 1007 023 328 47.50 000 065 0041 0000 000.0 00.00 00022 00010000 00 00 00000 010\xaf\x;B\xe7\x;00000000000000000000000000000000\xeb\x
20:51:20;220.7 50.1 230.0 50.1 1171 1034 023 328 47.40 000 064 0041 0000 000.0 00.00 00023 00010000 00 00 00000 010;B\xe7\x;00000000000000000000000000000000\xeb\x
20:52:00;222.0 50.1 230.1 50.1 1173 1041 023 328 47.40 000 064 0041 0000 000.0 00.00 00024 00010000 00 00 00000 010\xd;B\xe7\x;00000000000000000000000000000000\xeb\x
20:52:39;223.0 50.2 230.2 50.2 1174 1026 023 328 47.40 000 064 0041 0000 000.0 00.00 00023 00010000 00 00 00000 010&\x;B\xe7\x;00000000000000000000000000000000\xeb\x
20:53:19;221.1 50.1 230.0 50.1 1196 1050 023 328 47.40 000 064 0041 0000 000.0 00.00 00023 00010000 00 00 00000 010\xb;B\xe7\x;00000000000000000000000000000000\xeb\x
20:53:58;221.7 50.1 229.9 50.1 1172 1045 023 328 47.40 000 064 0041 0000 000.0 00.00 00023 00010000 00 00 00000 010;B\xe7\x;00000000000000000000000000000000\xeb\x
